[-33.18377030882992, -28.357950160167363, -13.581205968375883, -0.14964187290189557, 22.528304156191865, -10.55960996858677, 10.009768948904636, 7.447217001671447, 9.833234231577464, -9.155584966493564, 8.910086909540368, 4.8527129930878345, 12.977579259843196, -8.1786519556059, 5.00235486598973, 5.493350979896135, 19.052723320771904, -9.49187999057294, -0.8272911379857675, 2.349005951630403]
[-34.187406240670576, -27.93695327192235, -13.809159552168751, -1.2543052117912623, 23.209705897710805, -10.936395794203534, 10.195445271313304, 8.850101725926407, 8.705114989449669, -9.731824367251747, 8.668025058735054, 5.977337967961219, 12.596158889133704, -8.527252940299945, 5.749742133972035, 5.46819789710176, 18.664535190690593, -10.009153986080378, -0.22759583398917727, 2.3181045203079407]
[-33.72893021863217, -31.170756927211045, -15.56817912710494, -3.7631924384213704, 23.263779612200054, -13.245241033185067, 12.99946553026794, 8.845140348262404, 8.18715149092931, -13.491016536102165, 12.854108289600859, 6.522202254342517, 11.001640590683401, -11.61469046959943, 9.101456156595404, 6.622620516592519, 16.97681255535874, -12.45243524060077, 2.233060137085758, 3.461937651671292]
[-33.22257908062711, -29.023837586028364, -14.198158165522685, -0.6385647697393466, 23.72928844262087, -11.7984248528996, 10.33209711796141, 8.684447492353371, 9.311968747336394, -10.351016937507339, 8.846849563477278, 5.7896316615689045, 13.43503096375133, -9.617853070038265, 5.933113913146869, 5.2945491434075365, 19.50058361371986, -10.846099455668742, -0.0945990977297555, 2.3808134930771274]
[-33.858025255777264, -25.784273950465675, -10.27639895746745, 0.7572070958437109, 22.442941753070244, -8.667396499353089, 6.929318957124124, 7.4341236876865935, 11.673233670936185, -8.42074193701977, 5.684550539561727, 6.071775791905523, 15.642697880060723, -7.551703165905309, 2.5841251015516917, 4.333698249676559, 20.85118270379968, -9.043126145800969, -2.618611919239328, 2.348966145114275]
[-33.89027429095543, -30.94888710093189, -17.007469556319535, -5.203287434898073, 24.941447899201165, -14.6595378510887, 13.072742182512386, 9.826064501973349, 7.151334441137976, -14.268215900216887, 13.580166206948732, 7.731844808960709, 9.912095962329708, -12.427708219422385, 9.507828894487929, 7.985556821178882, 14.51336516431595, -12.173996207204226, 0.9933401837836229, 5.224795299987136]
[-35.17064096294301, -27.749550780787473, -13.527050197451175, -3.015094705192567, 23.399829620123597, -11.25991339705756, 9.849516336675777, 7.951484416528814, 10.057331862795763, -10.999590352023773, 8.514889881204454, 7.430838326461242, 13.659095118660687, -10.294391821832889, 5.878648200564214, 5.760118221045673, 18.747026039817854, -10.478944261956201, -0.5866685506723286, 3.8290750705963106]
[-33.76361685239895, -31.02984988922684, -15.702581179020115, -2.310334700125992, 22.876668793943296, -13.677384573456948, 12.80735531795682, 9.360743118377528, 7.440335858876352, -13.339851805863091, 12.94992436523826, 7.406831036455117, 9.926744428705035, -11.45722424758138, 9.184669248674844, 7.140582792501974, 16.249692638737876, -12.327253503081522, 1.706553688579021, 4.654174222673269]
[-32.705956555206264, -30.0844345260098, -13.972648168632347, -0.9647676809026535, 22.482505941497365, -12.366392618866982, 10.546730425748862, 8.725800293826453, 9.633729482179035, -12.098683360572778, 9.958277233023324, 6.959172776845435, 13.755437708866609, -10.171683876376122, 5.836569006335765, 6.531091551335564, 17.877145935554147, -11.295555585690117, -0.42681328670556695, 3.640592325040558]
[-31.123642832887263, -32.68030961401966, -18.43691093192406, -4.701858888840491, 24.992087981994004, -15.958894827750854, 14.46571345615827, 10.007408371675979, 6.226898805876388, -15.545892143721986, 14.211540136652275, 9.594405687647125, 8.546085545526722, -13.724432527935846, 11.479350712973059, 7.275218947996798, 14.836469760942869, -13.396154283742291, 3.2086775172478568, 5.9514864560748535]
