[2.0101833592007807, -1.407128351440548, -6.231568413522453, -6.231568413522467, 2.613238366961042, -6.030550077602385, -4.42240339024174, -3.618330046561425, 10.05091679600396, -4.42240339024174, 5.628513405762213, 3.0152750388011853, -6.6336050853626105, -5.427495069842145, 5.8295317416823025, 3.618330046561425, -5.02545839800198, -4.020366718401583, 4.221385054321665, 3.2162933747212676]
[5.942638169148154, 5.942638169148168, 1.386615572801233, -2.178967328687662, 9.904396948580278, 7.131165802977797, 3.961758779432106, 3.3674949625172914, -18.2240903853877, 4.754110535318532, -6.140726108119772, -2.5751432066308695, -1.1885276338296293, 4.1598467184037204, -3.9617587794321167, -1.9808793897160513, -3.9617587794321096, 2.971319084574084, -1.3866155728012401, -0.7923517558864219]
[0.4739197239285744, -0.7447309947448986, -2.0310845311224597, -1.9633817134183769, 0.4739197239285726, -2.5727070727551116, -1.6925704426020491, -1.5571648071938835, 4.603791603877571, -1.5571648071938853, 1.963381713418375, 1.1509479009693955, -2.3018958019387874, -1.827976078010213, 2.1664901665306218, 1.2863535363775576, -1.6925704426020474, -1.3540563540816386, 1.5571648071938835, 1.1509479009693937]
[2.054828201321982, 1.7896890785707562, -0.06628478068780552, -0.8617021489414753, 3.711947718517127, 1.8559738592585617, 1.126841271692701, 0.9942717103170864, -5.567921577775689, 1.193126052380503, -1.7896890785707562, -0.7954173682536698, -0.3977086841268367, 0.9279869296292826, -1.1268412716926992, -0.4639934648146422, -1.193126052380503, 0.5965630261902533, -0.3977086841268367, -0.06628478068780197]
[3.4148982375603083, -1.5761068788739863, -8.143218874182253, -8.40590335399456, 4.465636156809623, -7.35516543474526, -5.253689596246609, -4.991005116434273, 11.558117111742533, -4.465636156809616, 6.041743035683595, 3.1522137577479654, -8.143218874182239, -6.567111995308252, 7.3551654347452455, 4.202951676997287, -6.567111995308267, -4.991005116434266, 5.779058555871259, 4.202951676997287]
[6.647948081932071, 9.204851190367485, 2.0455224867483324, -2.0455224867483253, 11.761754298802899, 9.716231812054566, 5.625186838557909, 4.858115906027287, -24.801960151823508, 6.13656746024499, -6.647948081932071, -3.835354662653117, -1.534141865061251, 5.11380621687082, -4.85811590602728, -2.8125934192789543, -4.85811590602728, 4.0910449734966505, -1.7898321759047846, -1.534141865061244]
[5.0292806091879925, -0.7737354783366186, -11.606032175049222, -13.153503131722488, 10.058561218376013, -8.897958000871085, -5.803016087524611, -5.416148348356316, 10.832296696712618, -6.963619305029539, 7.350487044197848, 4.642412870019697, -11.219164435880927, -9.671693479207704, 8.897958000871085, 6.18988382669292, -9.28482574003938, -6.963619305029553, 6.963619305029539, 6.189883826692935]
[13.151546813345092, 14.34714197819467, 5.579444102631257, -2.391190329699114, 16.33980058627725, 16.738332307893764, 9.564761318796442, 8.767697875563407, -41.04876732650139, 12.753015091728592, -11.557419926879042, -6.3765075458642855, -3.1882537729321427, 11.557419926879021, -7.970634432330357, -6.775039267480807, -7.970634432330371, 8.767697875563414, -2.7897220513156356, -4.383848937781707]
[1.4801143599464268, -1.6915592685102112, -6.554792165477075, -6.34334725691329, 3.3831185370204224, -6.554792165477068, -4.228898171275532, -4.017453262711761, 10.360800519625052, -4.651787988403086, 5.92045743978575, 2.7487838113290906, -6.766237074040845, -5.709012531221973, 6.131902348349527, 3.5945634455841997, -4.440343079839309, -4.8632328969668634, 4.440343079839309, 3.3831185370204224]
[5.455890477748724, 7.344467950815577, 1.8885774730668672, -2.3082613559706076, 9.652729306786192, 7.554309892267458, 4.616522711941226, 3.567313004681857, -19.515300555024268, 5.6657324192005944, -5.6657324192005944, -3.35747106322998, -1.67873553161499, 4.616522711941222, -3.567313004681857, -2.518103297422485, -4.616522711941229, 3.7771549461337344, -1.0492097072593722, -1.4688935901631126]
[0.7999197550193671, -0.8999097243967888, -2.5997392038129448, -2.9996990813226247, 0.39995987750968354, -3.4996489282097336, -2.1997793263032577, -2.1997793263032612, 6.099388132022675, -2.1997793263032612, 3.09968905070005, 1.499849540661316, -3.399658958832312, -2.7997191425677883, 3.1996790200774683, 1.7998194487935777, -2.4997492344355194, -1.9997993875484212, 2.299769295680683, 1.4998495406613124]
[3.1117609885017075, 3.556298272573379, 0.33340296305375716, -1.778149136286693, 5.7789846929317505, 3.6674325935913004, 2.0004177783225288, 1.7781491362866895, -9.890954570594719, 2.4449550623942002, -2.667223704430036, -1.3336118522150215, -1.333611852215018, 1.889283457304611, -1.5558804942508573, -1.0002088891612644, -2.556089383412118, 1.333611852215018, -0.4445372840716715, -0.22226864203583574]
[1.0709606879825273, -0.6693504299890805, -3.0790119779497473, -3.748362407938828, -0.13387008599782035, -4.551582923925714, -2.945141891951934, -2.811271805954121, 8.032205159868912, -2.4096615479606704, 4.1499726659322675, 1.874181203969414, -5.220933353914791, -3.346752149945381, 4.283842751930088, 2.5435316339584872, -3.7483624079388242, -2.2757914619628608, 3.079011977949751, 2.2757914619628608]
[4.299230414652008, 4.012615053675205, 0.14330768048840525, -2.0063075268376025, 7.738614746373614, 4.4425380951404065, 2.5795382487912093, 2.1496152073260006, -12.467768202490824, 2.8661536097680056, -4.299230414652008, -1.576384485372401, -0.8598460829304031, 2.0063075268376025, -2.579538248791202, -1.0031537634188084, -2.436230568302804, 1.2897691243956046, -0.8598460829304031, -0.2866153609767963]
[1.524295086576906, -1.7148319723990184, -5.906643460485526, -5.906643460485526, 3.2391270589759316, -5.716106574663414, -3.8107377164422758, -3.6202008306201563, 9.145770519461458, -4.001274602264388, 4.763422145552845, 2.476979515687475, -5.335032803019182, -5.335032803019182, 5.1444959171970694, 3.429663944798044, -4.001274602264388, -4.1918114880865005, 3.6202008306201634, 3.429663944798051]
[5.758200900876275, 6.107182773656653, 1.2214365547313335, -1.9194003002920965, 7.677601201168372, 5.932691837266461, 3.3153277914136154, 2.966345918633234, -15.355202402336733, 4.362273409754753, -4.362273409754753, -2.442873109462667, -1.7449093639018969, 3.838800600584179, -2.791854982243038, -2.2683821730724745, -3.838800600584179, 3.489818727803801, -0.6979637455607559, -1.2214365547313335]
[1.0041248881184544, -1.577910538471869, -4.590285202827246, -4.016499552473853, 2.00824977623693, -4.5902852028272605, -2.8689282517670343, -2.7254818391786806, 7.3157670420059375, -3.012374664355388, 3.5861603147087955, 2.008249776236923, -4.1599459650621995, -3.7296067272971456, 3.8730531398854993, 2.295142601413623, -2.8689282517670307, -2.868928251767038, 2.725481839178684, 2.008249776236923]
[3.3463296628718098, 4.37596955914006, 0.5148199481341251, -1.4157548573688459, 6.177839377609494, 3.861149611005935, 2.3166897666035595, 1.801869818469438, -10.425103949716021, 2.7028047277041516, -2.9602147017712177, -1.6731648314359049, -1.1583448833017798, 2.18798477957003, -2.059279792536497, -1.1583448833017798, -2.831509714737688, 1.930574805502971, -0.5148199481341251, -0.6435249351676546]
[-0.3610084407119132, 1.6847060566556067, 3.249075966407247, 2.888067525695334, 0.4813445876158866, 5.054118169966834, 3.249075966407247, 2.6473952318873906, -9.265883311605858, 2.647395231887387, -3.9710928478310805, -2.2863867911754703, 4.211765141639024, 3.249075966407247, -3.850756700927107, -2.286386791175474, 2.4067229380794473, 2.1660506442715004, -2.647395231887387, -1.9253783504635607]
[-3.423933207717944, -3.4239332077179476, 0.8876863871861325, 2.0289974564254507, -6.974678756462481, -2.4094344795052223, -0.8876863871861325, -1.1413110692393147, 7.735552802622024, -1.394935751292497, 2.789871502584994, 1.1413110692393182, 0.8876863871861325, -0.887686387186136, 1.6485604333456791, 0.38043702307977156, 2.2826221384786294, -0.2536246820531787, 0.2536246820531787, -0.1268123410265929]
[8.564266073090387, 4.804344382465345, 0.0, -2.71549899878476, 6.475420689409809, 6.475420689409809, 4.177690767361163, 3.342152613888935, -19.008492991493306, 2.2977299220486387, -2.715498998784753, -1.4621917685764103, -4.386575305729224, 1.4621917685764103, -2.088845383680585, -0.4177690767361142, -5.222113459201459, 2.088845383680585, -1.2533072302083497, -0.6266536151041748]
[-2.1895207463435327, -6.787514313664943, -6.349610164396239, -4.597993567321417, 8.32017883610542, -10.728651657083304, -6.13065808976188, -4.816945641955769, 18.610926343920013, -9.195987134642834, 2.6274248956122364, 3.503233194149651, 0.8758082985374145, -7.444370537568005, 2.6274248956122364, 2.8463769702465953, 0.21895207463435185, -5.6927539404931835, 2.4084728209778845, 2.1895207463435256]
[7.328667428203239, 5.313283885447355, 1.0993001142304877, -2.015383542755899, 2.748250285576219, 6.412583999677835, 4.0307670855117905, 3.114683656986376, -18.504885256213196, 5.313283885447362, -1.2825167999355713, -2.0153835427558917, -7.14545074249817, 4.580417142627034, -0.3664333714101602, -1.465733485640655, -7.511884113908323, 4.21398377121686, 7.105427357601002e-15, -1.4657334856406479]
[-1.1233201908015502, -5.616600954007737, -5.616600954007744, -4.118840699605677, 7.301581240210069, -8.799341494612136, -5.054940858606962, -4.493280763206194, 14.79038251222039, -6.552701113009036, 2.4338604134033517, 2.8083004770038684, -1.4977602544020598, -4.8677208268067105, 2.4338604134033517, 2.2466403816031004, -1.497760254402067, -3.557180604204902, 2.2466403816031004, 1.8722003180025766]
[-1.1233201908015502, -5.616600954007737, -5.616600954007744, -4.118840699605677, 7.301581240210069, -8.799341494612136, -5.054940858606962, -4.493280763206194, 14.79038251222039, -6.552701113009036, 2.4338604134033517, 2.8083004770038684, -1.4977602544020598, -4.8677208268067105, 2.4338604134033517, 2.2466403816031004, -1.497760254402067, -3.557180604204902, 2.2466403816031004, 1.8722003180025766]
[-1.1233201908015502, -5.616600954007737, -5.616600954007744, -4.118840699605677, 7.301581240210069, -8.799341494612136, -5.054940858606962, -4.493280763206194, 14.79038251222039, -6.552701113009036, 2.4338604134033517, 2.8083004770038684, -1.4977602544020598, -4.8677208268067105, 2.4338604134033517, 2.2466403816031004, -1.497760254402067, -3.557180604204902, 2.2466403816031004, 1.8722003180025766]
[-1.1233201908015502, -5.616600954007737, -5.616600954007744, -4.118840699605677, 7.301581240210069, -8.799341494612136, -5.054940858606962, -4.493280763206194, 14.79038251222039, -6.552701113009036, 2.4338604134033517, 2.8083004770038684, -1.4977602544020598, -4.8677208268067105, 2.4338604134033517, 2.2466403816031004, -1.497760254402067, -3.557180604204902, 2.2466403816031004, 1.8722003180025766]
[0.15168960096408313, -1.8961200120510284, -2.1236544134971496, -1.7444304110869489, 2.123654413497153, -3.4888608221738924, -2.0478096130151098, -1.7444304110869453, 5.688360036153085, -2.0478096130151116, 0.985982406266535, 1.0618272067485766, -0.9859824062665368, -1.4410512091587808, 0.9101376057844934, 0.7584480048204121, -0.9101376057844952, -0.9101376057844934, 0.9101376057844934, 0.5309136033742874]
[10.765802785597089, 7.08276499052441, 1.133242398483901, -3.116416595830728, 7.082764990524403, 9.06593918787123, 5.099590793177576, 4.816280193556594, -24.9313327666459, 3.6830377950726856, -4.249658994314636, -1.983174197346841, -5.66621199241952, 2.2664847969678164, -3.116416595830742, -1.1332423984839153, -6.23283319166147, 2.5497953965887916, -2.2664847969678164, -0.5666211992419505]
[-2.0224531069918044, -8.089812427967203, -8.378734300394598, -6.934124938257611, 13.579328004087813, -13.579328004087813, -7.800890555539809, -6.067359320975406, 23.691593539046828, -14.157171748942616, 2.889218724274002, 5.489515576120596, 2.0224531069918044, -11.556874897096002, 2.889218724273995, 4.622749958838405, 1.1556874897095994, -8.956578045249401, 3.7559843415562, 3.7559843415562]
[9.366970542715308, 7.989474874668943, 3.305989603311282, -0.8264974008278188, 2.7549913360927363, 7.71397574105967, 4.683485271357654, 4.683485271357654, -22.039930688741904, 0.2754991336092729, -4.958984404966927, -1.1019965344370917, -1.6529948016556517, -1.3774956680463646, -3.8569878705298493, 0.27549913360928713, -3.0304904697020163, -1.1019965344370917, -2.2039930688741833, 0.5509982672185458]
[-2.123945095611063, -7.433807834638699, -7.964794108541454, -6.6373284237845525, 12.743670573666336, -12.212684299763566, -7.433807834638699, -5.575355875979028, 23.363396051721622, -15.664095080131538, 2.920424506465203, 5.044369602076259, 5.309862739027636, -13.274656847569098, 3.451410780367965, 4.5133833281734965, 3.451410780367965, -10.354232341103902, 3.7169039173193497, 4.5133833281734965]
[4.737585068682307, 2.84255104120939, 0.5921981335852848, -1.1843962671705768, 2.7241114144923273, 3.3163095480776157, 1.7765944007558652, 1.658154774038806, -9.712049390798732, 2.4872321610582127, -1.1843962671705732, -1.1843962671705803, -3.4347491747946712, 2.1319132809070354, -0.5921981335852848, -0.7106377603023475, -4.02694730837996, 2.1319132809070354, -0.2368792534341111, -0.7106377603023475]
[-1.0870821529481702, -3.533016997081546, -3.8047875353185887, -2.9894759206074575, 5.299525495622316, -6.386607648570482, -3.8047875353185887, -3.2612464588445036, 11.14259206771872, -4.891869688266755, 1.6306232294222482, 1.902393767659298, -0.5435410764740851, -3.6689022662000674, 1.4947379603037305, 1.494737960303727, -0.5435410764740816, -2.8535906514889398, 1.6306232294222518, 1.2229674220666915]
[-6.3760308399294985, -5.697729686745511, -2.306223920825566, 0.6783011531839875, 2.7132046127359573, -3.25584553528315, -1.356602306367975, -1.0852818450943857, 9.089235452665456, -4.2054671497407305, 0.0, 0.949621614457584, 5.969050148019111, -4.341127380377536, 0.0, 1.0852818450943857, 5.562069456108709, -4.069806919103939, -0.13566023063678756, 1.0852818450943786]
[-0.998908188213079, 3.424828073873428, 5.422644450299586, 3.5675292436181536, -5.993449129278488, 7.1350584872362965, 4.281035092341785, 3.56752924361815, -11.701495919067536, 3.9956327528523303, -1.5697128671919884, -1.8551152066814396, 1.5697128671919884, 2.425919885660342, -1.712414036936714, -1.4270116974472593, 2.140517546170887, 0.8562070184683606, -1.712414036936714, -0.998908188213079]
[-6.4090316884038145, -4.272687792269203, -1.2016934415757135, 1.3352149350841245, -0.13352149350841103, -3.6050803247271404, -1.4687364285925426, -1.2016934415757135, 9.346504545588889, -3.2045158442019037, 0.26704298701682205, 0.8011289610504804, 5.207338246828094, -3.2045158442019073, 0.0, 1.0681719480673024, 4.806773766302861, -2.937472857185085, 0.13352149350841103, 0.9346504545588914]
[0.2806203758464676, 3.227134322234349, 4.63023620146668, 2.946513946387885, -3.9286852618505144, 7.296129772008101, 4.068995449773748, 3.5077546980808165, -11.926365973474777, 3.3674445101575827, -1.6837222550787914, -1.8240324430020287, 1.683722255078795, 1.6837222550787914, -1.5434120671555576, -1.5434120671555611, 2.385273194694957, 0.42093056376969784, -1.4031018792323273, -1.1224815033858633]
[4.105479495127842, 2.291430415885312, 0.9547626732855434, -0.4773813366427717, 1.2411914752712079, 2.4823829505424158, 1.336667742599765, 1.1457152079426542, -7.065243782313036, 1.5276202772568723, -0.8592864059569862, -0.47738133664277527, -2.7688117525280838, 1.336667742599765, -0.4773813366427717, -0.5728576039713289, -2.8642880198566374, 1.336667742599765, -0.3819050693142181, -0.3819050693142181]
[-0.8645627518527697, -2.4015631995910347, -2.497625727574672, -2.0173130876564684, 3.4582510074110857, -4.707063871198422, -2.6897507835419567, -2.1133756156401073, 7.781064766674943, -3.266125951443801, 0.9606252798364103, 1.3448753917709801, -0.2881875839509256, -2.3055006716073905, 1.0566878078200546, 0.9606252798364103, -0.6724376958854847, -1.537000447738265, 1.0566878078200546, 0.9606252798364139]
