[6.316010022547161, 0.574182729322473, 1.148365458644946, 4.880553199240978, -21.24476098493136, -5.741827293224688, -3.7321877405960464, -4.019279105257283, 6.890192751869627, -10.622380492465673, -7.1772841165308705, -6.316010022547161, 20.096395526286422, -2.870913646612344, 8.899832304498268, 6.316010022547154, -14.067476868400483, 0.0, 7.177284116530863, 5.454735928563451]
[8.767416565157134, 13.151124847735701, 10.685288938785256, 7.945471262173655, -12.877143080074546, 10.959270706446425, 7.123525959190168, 6.027598888545526, -27.946140301438355, 8.767416565157127, 6.027598888545533, 4.657690050239722, -26.028267927810234, 0.2739817676611551, -5.205653585562061, -3.013799444272749, 0.8219453029834796, -0.8219453029834938, -3.013799444272749, -1.3699088383058182]
[6.044597061823708, -0.28783795532494594, 1.4391897766247013, 4.893245240523953, -21.30000869404546, -5.756759106498762, -3.741893419224212, -3.7418934192241977, 6.620272972473593, -10.074328436372852, -6.908110927798525, -6.620272972473586, 20.14865687274569, -2.878379553249374, 8.63513865974815, 6.33243501714864, -13.816221855597043, -0.28783795532493883, 7.195948883123464, 5.181083195848899]
[9.07521116435305, 12.81206282026315, 10.409801041463808, 7.74062128724232, -12.545144844841005, 10.409801041463808, 6.939867360975867, 5.872195459287283, -26.95871551763704, 8.541375213508765, 5.872195459287276, 4.537605582176525, -25.624125640526294, 0.8007539262664523, -4.804523557598685, -3.4699336804879266, 0.5338359508443062, -1.4210854715202004e-14, -2.9360977296436346, -1.6015078525328903]
[5.284222930467905, 0.8343509890212459, 1.6687019780424919, 4.449871941446673, -19.74630674016956, -5.5623399268083205, -3.8936379487658286, -3.8936379487658286, 6.674807912169996, -10.012211868254994, -7.231041904850819, -6.674807912169989, 20.024423736509974, -3.0592869597445826, 8.621626886552903, 6.674807912169996, -14.462083809701653, -0.8343509890212459, 7.231041904850819, 5.562339926808328]
[7.833500299474636, 10.59826511105392, 8.985485637632678, 6.2207208260533875, -10.137470975790713, 8.294294434737857, 5.29913255552696, 4.607941352632139, -21.426927289739453, 7.142309096579822, 4.607941352632139, 3.916750149737318, -20.96613315447624, -0.4607941352632139, -4.147147217368925, -2.5343677439476764, 0.9215882705264278, -0.6911912028948137, -2.5343677439476835, -0.9215882705264278]
[1.111809829258636, -0.5929652422712728, -0.2964826211356346, 0.889447863406911, -4.595480627602365, -2.0753783479494547, -1.4082924503942706, -1.1859304845425456, 3.2613088324919985, -3.1130675219241795, -2.075378347949453, -1.853016382097728, 6.37437635441618, -0.9635685186908187, 2.445981624368999, 1.9271370373816357, -3.557791453627635, -0.1482413105678173, 2.001257692665545, 1.482413105678182]
[2.0323374881338516, 2.55344966457843, 2.0844487057783105, 1.3027804411114428, -2.9182281880896337, 1.667558964622648, 1.0943355705336124, 0.8858906999557821, -4.637898370356741, 1.3548916587559017, 0.8858906999557821, 0.781668264666866, -4.377342282134451, 0.26055608822228926, -0.5732233940890357, -0.5211121764445767, -0.6774458293779517, 0.26055608822228926, -0.36477852351120355, -0.15633365293337498]
[11.668097094955343, 3.590183721524724, 4.038956686715295, 9.873005234192988, -34.555518319675414, -6.731594477858849, -4.4877296519058945, -4.93650261709648, 4.48772965190588, -13.014415990527084, -8.975459303811789, -8.077913373430619, 21.989875294338887, -1.3463188955717698, 11.219324129764743, 8.526686338621204, -23.336194189910657, 1.3463188955717698, 9.873005234192973, 7.18036744304942]
[11.269278801234918, 18.652599395147462, 13.98944954636059, 8.937703876841496, -14.378045367092838, 16.321024470754026, 10.103491339038214, 9.326299697573731, -39.63677371468836, 14.766641187825073, 9.714895518305973, 8.549108056109255, -40.802561176885064, 1.9429791036611874, -8.160512235377013, -5.828937310983591, 1.9429791036612016, 0.38859582073223464, -4.663149848786858, -2.720170745125671]
[5.593680672548459, 0.5888084918472032, 1.1776169836944064, 5.5936806725484445, -21.785914198346575, -6.182489164395655, -4.710467934777647, -4.121659442930422, 8.243318885860859, -10.598552853249686, -7.0657019021664595, -6.476893410319256, 20.019488722804972, -1.7664254755416167, 8.537723131784475, 5.888084918472046, -15.014616542103724, 0.5888084918472032, 6.771297656242858, 5.004872180701248]
[7.6561788829099555, 11.962779504546802, 9.330968013546517, 6.459900932455277, -11.723523914455868, 9.809479193728379, 5.742134162182467, 5.263622982000598, -23.925559009093618, 8.134690063091824, 5.024367391909664, 4.545856211727788, -22.968536648729874, 0.23925559009093433, -4.067345031545912, -2.631811491000306, 7.105427357601002e-15, -0.4785111801818758, -2.153300310818423, -0.9570223603637373]
[3.4716738732239136, -0.20421611018963404, 0.4084322203792823, 3.6758899834135548, -14.703559933654233, -4.901186644551416, -3.4716738732239207, -3.4716738732239136, 7.351779966827117, -7.96442829739604, -5.309618864930702, -4.696970534361768, 15.520424374412801, -1.8379449917067774, 6.330699415878911, 4.901186644551409, -10.415021619671748, -0.4084322203792894, 4.901186644551416, 3.880106093603203]
[5.0353480858746025, 6.396252973948808, 5.4436195522968625, 3.674443197800379, -7.07670541798592, 5.035348085874599, 3.130081242570693, 2.721809776148433, -12.792505947897624, 3.9466241754152236, 2.721809776148433, 2.1774478209187436, -12.248143992667934, -7.105427357601002e-15, -1.9052668433038988, -1.4969953768816353, -0.2721809776148447, -0.2721809776148447, -1.0887239104593718, -0.8165429328445271]
[1.147134775528464, -0.4096909912601667, 0.08193819825203619, 1.3110111720325222, -5.899550274146364, -2.2123313528048865, -1.638763965040658, -1.5568257667886236, 3.8510953178455445, -3.4414043265853778, -2.458145947560986, -2.130393154552852, 7.210561446178888, -1.0651965772764278, 2.7858987405691185, 1.9665167580487868, -3.933033516097577, -0.32775279300813054, 2.2123313528048882, 1.7207021632926853]
[2.513872385623724, 3.175417750261545, 2.580026922087505, 1.8523270209859, -3.506190432580455, 2.249254239768595, 1.3892452657394259, 1.1246271198842965, -5.9539082817403965, 1.7200179480583362, 1.1246271198842983, 0.92616351049295, -5.490826526493921, -0.13230907292756555, -0.8600089740291672, -0.5953908281740397, -0.3307726823189121, -0.132309072927562, -0.3969272187826931, -0.19846360939134655]
[2.420288168785895, -0.4840576337571747, 0.4840576337571818, 3.3884034363002513, -12.262793388515213, -4.19516615922889, -3.0656983471288015, -2.7429932579573517, 6.292749238843335, -6.292749238843335, -4.356518703814615, -4.19516615922889, 12.908203566858123, -1.6135254458572668, 5.3246339713289785, 3.3884034363002513, -8.067627229286323, -0.32270508917145335, 4.1951661592288865, 3.2270508917145264]
[6.08285049986101, 7.726864148472089, 6.41165322958323, 4.767639580972144, -8.055666878194309, 6.0828504998610065, 3.945632756666601, 3.2880272972221682, -15.946932391527515, 5.260843675555471, 2.9592245674999518, 2.7948232026388418, -15.289326932083082, 0.0, -2.6304218377777318, -1.315210918888873, -0.6576054594444329, -0.4932040945833194, -1.644013648611093, -0.16440136486110646]
[3.175981664040755, 0.17644342578004313, 0.5293302773401294, 2.999538238260719, -12.703926656163048, -3.8817553671609204, -2.8230948124806794, -2.8230948124806794, 5.822633050741395, -6.351963328081517, -4.234642218721014, -3.705311941380888, 12.351039804602959, -1.9408776835804673, 5.116859347621222, 3.8817553671609346, -7.939954160101902, -0.35288685156008626, 4.234642218721017, 3.175981664040762]
[6.6513721365300285, 8.803286651289746, 7.042629321031804, 4.890714806272079, -8.803286651289746, 7.0426293210317965, 4.108200437268547, 3.7169432527667823, -17.410944710328604, 5.868857767526492, 3.5213146605158983, 3.13005747601413, -17.01968752582684, 0.0, -2.934428883763246, -1.9562859225088403, 0.0, -0.5868857767526521, -1.565028738007058, -0.7825143690035361]
[-1.3188165083312677, -1.4970349554030618, -1.2118854400881913, -0.8910922353589648, 2.2455524331045913, -1.0693106824307579, -0.6772300988728128, -0.5346553412153785, 3.0297136002204796, -0.8554485459446068, -0.4633679623866609, -0.24950582590050985, 2.4594145695907415, -0.3920805835579433, 0.10693106824307552, 0.21386213648615016, 1.0336669930164, -0.32079320472922745, 0.0712873788287176, 0.1425747576574352]
[-0.01803585430548349, 0.2344661059712969, 0.21643025166581342, -0.09017927152742278, 0.3066095231932362, 0.8116134437467988, 0.45089635763711167, 0.3787529404151728, -1.3707249272168176, 1.046079549718098, 0.6492907549974398, 0.48696806624807953, -1.965908119297803, 0.7575058808303456, -0.25250196027678173, -0.3426812318042045, -0.018035854305484378, 0.3967887947206572, -0.27053781458226656, -0.2344661059712969]
[2.273121571505527, 2.6417358803983184, 2.088814417059133, 1.781635826315144, -4.300500270415865, 1.7202001081663472, 1.0444072085295666, 0.9215357722319704, -5.0991646063502385, 1.2287143629759605, 0.5529214633391835, 0.30717859074398923, -3.6861430889278832, 0.6757928996367806, -0.06143571814880033, -0.1843071544463939, -1.9045072626127393, 0.6143571814879802, 0.06143571814879856, -0.06143571814879856]
[-0.8409562177983787, -2.5228686533951503, -1.962231174862886, 0.14015936963306075, 0.2803187392661357, -6.447331003120929, -3.784302980092715, -2.943346762294336, 12.053705788443466, -8.269402808350751, -5.045737306790286, -3.924462349725779, 16.118327507802302, -7.56860596018543, 1.5417530659637038, 2.522868653395143, 2.3827092837620825, -5.185896676423354, 1.6819124355967574, 2.102390544495961]
[0.21443888829400137, 0.24422206722372364, 0.20252561672211233, 0.148915894648612, -0.35739814715666873, 0.16678580200644533, 0.10721944414700069, 0.08339290100322272, -0.48248749866150287, 0.14295925886266758, 0.05956635785944475, 0.05360972207350034, -0.4110078692301691, 0.035739814715666895, -0.041696450501611526, -0.035739814715666895, -0.1131760799329451, 0.01191327157188904, -0.02382654314377808, -0.017869907357833448]
[0.004314081272628334, -0.060397137816796675, -0.05176897527154023, 0.012942243817885224, -0.06471121908942523, -0.20276181981353214, -0.1121661130883369, -0.0862816254525669, 0.3364983392650107, -0.2502167138124438, -0.1509928445419919, -0.11648019436096535, 0.47454893998911774, -0.18981957599564714, 0.06902530036205357, 0.08196754417993857, 0.012942243817885002, -0.10353795054308024, 0.06902530036205334, 0.0603971378167969]
[-5.074677868868168, -5.20154481558988, -4.567210081981358, -3.2985406147643097, 8.50008543035419, -4.440343135259653, -2.791072827877496, -1.9030042008255634, 11.798626045118503, -3.679141454929429, -2.029871147547265, -1.2686694672170447, 10.149355737736347, -3.171673668042608, 0.38060084016511553, 1.141802520495336, 4.5672100819813615, -2.283605040990679, 0.2537338934434068, 0.7612016803302275]
[-0.9196227723063117, 0.8174424642722755, 0.8174424642722791, -0.7152621562382464, 3.1675895490550836, 4.1893926293954316, 2.5545077008508734, 2.0436061606806994, -6.743900330246305, 5.415556325803852, 3.576310781191218, 2.6566880088849096, -10.21803080340349, 3.3719501651231525, -1.5327046205105255, -1.5327046205105255, 0.7152621562382464, 1.4305243124764893, -1.4305243124764893, -1.328344004442453]
[-14.286263123883188, -13.95402444658356, -11.960592382785919, -9.302682964389042, 24.917900797470658, -10.631637673587477, -6.312534868692573, -4.651341482194518, 29.90148095696479, -8.305966932490222, -3.986864127595311, -1.9934320637976484, 22.25999137907379, -7.641489577891008, 0.0, 2.3256707410972695, 13.28954709198436, -7.309250900591394, 0.0, 1.9934320637976413]
[-0.7993790628188151, 2.664596876062731, 2.931056563669003, -1.3322984380313585, 7.993790628188208, 12.25714562988859, 7.194411565369386, 5.595653439731748, -19.98447657047052, 15.987581256376416, 9.32608906621958, 6.9279518777631175, -29.04410594908384, 9.059629378613309, -3.7304356264878322, -4.263355001700376, 0.5329193752125505, 4.529814689306654, -3.7304356264878322, -3.197516251275289]
[-8.681806630724203, -9.52881215567291, -7.8348011057755045, -5.717287293403746, 15.881353592788184, -7.623049724538326, -4.446779005980687, -3.1762707185576424, 20.116381217531693, -5.717287293403743, -2.7527679560832823, -1.4822596686602267, 15.246099449076652, -5.082033149692222, 0.2117513812371783, 1.4822596686602338, 8.258303868249854, -4.023276243506345, 0.0, 1.4822596686602338]
[-0.7522627679973013, 1.8054306431935245, 1.5045255359946097, -0.9027153215967658, 3.7613138399865136, 6.770364911975722, 3.9117663935859746, 3.309956179188127, -11.283941519959534, 8.726248108768708, 5.566744483180038, 4.363124054384354, -16.700233449540118, 6.018102143978425, -2.256788303991911, -2.4072408575913684, 0.0, 3.1595036255886697, -1.9558831967929855, -1.9558831967929855]
[-2.9795028698726753, -3.415527680097945, -2.7614904647600405, -2.180124051126347, 5.813664136336927, -2.6161488613516184, -1.5260868357884405, -1.2354036289715982, 7.121738567012736, -1.9621116460137138, -0.9447204221547487, -0.5086956119294825, 5.377639326111655, -1.7440992409010754, -3.552713678800501e-15, 0.5813664136336953, 2.9068320681684625, -1.6714284391968661, -0.0726708017042128, 0.43602481022526973]
[-0.3014852563239856, 0.8290844548909675, 0.7537131408099711, -0.0753713140809964, 0.9044557689719639, 3.6931943899688626, 2.035025480186924, 1.5827975957009421, -5.9543338123987795, 4.59765015894083, 2.8641099350778916, 2.1103967942679223, -8.51695849115268, 3.6178230758878627, -1.0551983971339602, -1.4320549675389493, -0.376856570404982, 2.1103967942679205, -1.0551983971339602, -1.1305697112149566]
[-12.651119374831069, -13.28367534357264, -11.38600743734797, -8.223227593640203, 23.404570843437497, -8.223227593640203, -5.693003718673985, -3.4790578280785454, 25.302238749662166, -6.009281703044763, -2.846501859336996, -1.2651119374831126, 18.66040107787586, -5.06044774993245, 0.31627798437078525, 1.5813899218538836, 10.753451468606414, -4.1116137968200945, 0.31627798437077104, 1.2651119374831126]
[-0.28257428440700494, 4.238614266104918, 4.803762834918928, -0.5651485688139957, 5.368911403732895, 14.41128850475674, 8.194654247802845, 6.216634256953888, -24.58396274340854, 17.519605633233674, 10.172674238651815, 7.629505678988856, -32.7786169912114, 10.737822807465804, -4.238614266104918, -5.086337119325904, -0.28257428440699783, 5.651485688139893, -3.956039981697927, -3.673465697290929]
[-12.80151076262274, -12.80151076262274, -11.20132191729489, -8.961057533835913, 23.362757141786503, -8.641019764770355, -5.44064207411467, -3.5204154597212494, 26.24309706337661, -5.440642074114663, -2.5603021525245424, -1.2801510762622712, 17.92211506767184, -4.800566535983535, 0.0, 1.2801510762622854, 11.20132191729489, -4.480528766917956, -0.32003776906556425, 1.280151076262257]
[0.27449374247962055, 3.8429123947146877, 4.94088736463317, 0.0, 4.391899879673929, 13.724687123981035, 7.960318531909003, 6.313356077031273, -23.60646185324738, 16.744118291256868, 10.15626847174596, 7.411331046949755, -32.11576787011561, 9.88177472926634, -4.391899879673929, -4.666393622153549, 0.0, 4.94088736463317, -3.8429123947146877, -3.2939249097554466]
[-18.02256718376414, -18.94680139831614, -16.636215861936122, -12.939279003728089, 36.969368582080264, -9.70445925279607, -6.469639501864052, -4.15905396548402, 32.81031461659623, -3.6969368582080193, -1.4210854715202004e-14, 0.9242342145520155, 15.711981647384121, -4.621171072760035, -0.9242342145520155, 0.9242342145520155, 16.174098754660122, -4.621171072760035, -0.9242342145520013, 0.9242342145519729]
[3.1413449980032055, 8.9752714228662, 8.975271422866228, 0.8975271422866058, 1.3462907134299371, 23.33570569945215, 13.462907134299329, 10.770325707439454, -43.08130282975782, 29.1696321243152, 16.60425213230249, 13.462907134299314, -56.544209964057146, 21.989414986022226, -5.833926424863051, -8.526507851722897, -6.731453567149657, 13.462907134299314, -6.282689996006354, -6.28268999600634]
