[-2.8293861438885166, -0.7716507665150516, 3.2152115271460424, 3.729645371489408, -1.6719099941159428, 2.0577353773734686, 1.5433015330300996, 1.6719099941159428, -2.572169221716834, 2.8293861438885166, -1.286084610858417, -1.5433015330300996, 2.443560760630991, 3.0866030660601993, 1.6719099941159428, 1.5433015330301032, -4.501296138004463, 3.601036910403568, 1.9291269162876254, 2.186343838459308]
[-2.3210446165136247, -3.696478463336515, -2.3210446165136247, 0.8596461542643077, -1.0315753851171685, -2.66490307821935, -1.7192923085286118, -1.4613984622493188, 6.619275387835154, -2.836832309072207, 0.7736815388378737, 1.2035046159700293, 1.8912215393814726, -2.5789384627929177, -1.7192923085286136, -1.289469231396458, 7.13506308039374, -1.8912215393814726, -0.9456107696907381, -1.0315753851171685]
[-2.6937664516412987, -0.5856014025307168, 2.9280070126535804, 3.162247573665873, -1.5225636465798615, 1.7568042075921468, 1.405443366073719, 1.4054433660737224, -1.9910447686044357, 2.5766461711351525, -1.2883230855675762, -1.405443366073719, 2.2252853296167245, 2.9280070126535804, 1.405443366073719, 1.4054433660737224, -4.099209817715018, 3.1622475736658693, 1.873924488098293, 1.9910447686044392]
[-2.079008777218533, -3.5758950968158807, -2.245329479396018, 0.7484431597986738, -0.9147638619761551, -2.6611312348397256, -1.6632070217748272, -1.3305656174198628, 6.320186682744344, -2.5779708837509823, 0.6652828087099323, 1.2474052663311213, 1.7463673728635705, -2.577970883750986, -1.6632070217748272, -1.3305656174198628, 6.902309140365537, -1.5800466706860874, -0.9979242130648949, -1.08108456415364]
[-3.7691356760501122, -0.6852973956454704, 4.111784373872844, 4.625757420606952, -1.5419191402023102, 2.5698652336705265, 1.8845678380250561, 2.0558921869364255, -3.0838382804046347, 3.597811327138743, -2.055892186936429, -2.2272165358477913, 3.4264869782273735, 4.28310872278422, 2.227216535847795, 2.2272165358477913, -6.339000909720642, 4.797081769518321, 2.741189582581903, 3.0838382804046347]
[-3.345704603695033, -5.147237851838508, -3.2170236573990714, 1.2868094629596278, -1.9302141944394435, -3.8604283888788835, -2.3162570333273287, -2.187576087031367, 9.393709079605284, -3.9891093351748452, 1.4154904092555896, 2.0588951407354017, 2.187576087031367, -3.6030664962869565, -2.5736189259192557, -1.93021419443944, 10.294475703677023, -2.444937979623294, -1.4154904092555896, -1.5441713555515548]
[-3.7278701441194357, -1.8639350720597108, 3.914263651325406, 4.659837680149295, -0.7455740288238957, 2.2367220864716657, 2.2367220864716657, 1.8639350720597108, -2.2367220864716586, 3.914263651325406, -2.6095091008836064, -2.982296115295547, 4.846231187355265, 4.473444172943321, 1.3047545504417997, 1.1183610432358329, -4.28705066573735, 4.846231187355265, 2.982296115295547, 2.982296115295547]
[-3.6578927931400074, -5.884436232442624, -3.4988539760469592, 1.2723105367443495, -3.180776341860877, -4.453086878605227, -2.862698707674795, -2.862698707674788, 11.6098336477922, -4.930203329884357, 2.2265434393026133, 2.8626987076747916, 1.9084658051165277, -4.135009244419145, -2.544621073488699, -1.9084658051165277, 11.45079483069916, -2.862698707674788, -1.5903881709304386, -1.7494269880234867]
[-3.672784070676549, -1.4691136282706196, 4.22370168127803, 4.774619291879517, -1.2854744247367904, 2.75458805300741, 2.0200312388721073, 2.2036704424059366, -3.1218664600750685, 4.22370168127803, -2.3873096459397587, -2.754588053007417, 4.223701681278037, 4.223701681278037, 1.6527528318044489, 1.836392035338278, -5.325536902481005, 4.958258495413347, 2.9382272565412464, 3.3055056636088977]
[-3.787705595961846, -5.681558393942765, -3.4963436270417105, 1.1654478756805702, -2.0395337824409943, -4.22474854934206, -2.7679387047413506, -2.3308957513611333, 10.48903088112511, -4.516110518262199, 1.4568098446007092, 2.0395337824409943, 2.913619689201422, -3.787705595961846, -2.476576735821208, -2.0395337824409943, 10.926073834505324, -2.622257720281276, -1.7481718135208553, -1.7481718135208517]
[-1.724710995920205, -0.25870664938803145, 2.5008309440842993, 2.414595394288291, -2.242124294696268, 1.3797687967361654, 1.121062147348134, 1.121062147348134, -1.6384754461241968, 1.7247109959202067, -0.6898843983680845, -0.6898843983680827, 1.121062147348134, 2.1558887449002597, 1.2935332469401537, 1.2935332469401555, -3.5356575416364233, 2.242124294696268, 1.2935332469401555, 1.4660043465321753]
[-1.4205733051111302, -2.1045530446090766, -1.2627318267654477, 0.26306913057613457, -0.5261382611522691, -1.631028609572036, -0.8944350439588575, -0.8418212178436315, 3.7355816541811135, -1.683642435687263, 0.578752087267496, 0.8418212178436324, 0.8944350439588593, -1.5258009573415823, -1.104890348419767, -0.8418212178436306, 4.366947567563837, -1.0522765223045383, -0.6313659133827247, -0.6839797394979499]
[-1.358034371255517, -0.21442647967192485, 1.9298383170473166, 2.0013138102712915, -1.7868873305993667, 1.215083384807567, 0.8577059186876959, 1.0006569051356458, -1.5009853577034669, 1.5009853577034669, -0.5003284525678229, -0.5718039457917978, 0.8577059186876959, 1.6439363441514168, 1.072132398359619, 0.929181411911669, -2.644593249287059, 1.7868873305993649, 1.1436078915835939, 1.072132398359619]
[-1.4282818776803623, -2.2522906532651845, -1.3184140409357177, 0.2746695918616062, -0.4944052653508937, -1.6480175511696462, -0.98881053070179, -0.824008775584824, 3.9003082044348334, -1.7578853879142908, 0.5493391837232142, 0.7690748572125035, 1.0437444490741097, -1.5381497144250034, -1.098678367446432, -0.8789426939571454, 4.504581306530372, -1.098678367446432, -0.7141409388401829, -0.6042731020955365]
[-1.5646038527075845, -0.24704271358540453, 2.3057319934638016, 2.3880795646589377, -1.976341708683261, 1.3175611391221764, 1.0705184255367648, 1.0705184255367648, -1.646951423902717, 1.646951423902717, -0.49408542717081616, -0.7411281407562207, 0.9881708543416288, 1.9763417086832593, 1.2352135679270368, 1.0705184255367648, -3.12920770541516, 2.1410368510735314, 1.2352135679270368, 1.3175611391221729]
[-1.9566794207286833, -2.725374907443525, -1.7470351970791835, 0.41928844729900483, -0.6289326709485064, -2.2362050522613526, -1.1879839340138432, -1.1181025261306754, 5.031461367588044, -2.096442236495019, 0.5590512630653386, 0.9783397103643416, 1.4675095655465125, -2.026560828611851, -1.3976281576633447, -1.0482211182475112, 5.590512630653384, -1.3277467497801805, -0.9084583024811721, -0.7686954867148419]
[0.2644978784646974, 0.057499538796673466, -0.3219974172613709, -0.3104975095020359, 0.24149806294602794, -0.18399852414935491, -0.13799889311201596, -0.126498985352681, 0.19549843190868899, -0.22999815518669342, 0.0804993543153425, 0.11499907759334693, -0.160998708630685, -0.26449787846469786, -0.18399852414935447, -0.16099870863068566, 0.4484964026140521, -0.20699833966802395, -0.13799889311201596, -0.13799889311201619]
[0.635477244680752, 0.9776572995088486, 0.5132700822421459, -0.17109002741404922, 0.3910629198035398, 0.7332429746316365, 0.3910629198035398, 0.3421800548280971, -1.6375759766773217, 0.7821258396070787, -0.3910629198035398, -0.46438721726670273, -0.24441432487721215, 0.757684407119358, 0.5377115147298666, 0.4643872172667036, -2.1752874914071887, 0.6110358121930304, 0.4155043522912605, 0.4155043522912605]
[0.08663725713258297, 0.025991177139775168, -0.12129215998561649, -0.1256240228422456, 0.10396470855909978, -0.0693098057060666, -0.05631421713617901, -0.05631421713617901, 0.08230539427595396, -0.08230539427595396, 0.030323039996404066, 0.04331862856629165, -0.06497794284943748, -0.09530098284584154, -0.07364166856269572, -0.060646079992808244, 0.1732745142651665, -0.0866372571325833, -0.04765049142292077, -0.04765049142292077]
[0.39943534393375835, 0.6390965502940142, 0.3515031026617077, -0.11184189630145269, 0.2396612063602559, 0.46334499896315995, 0.2556386201176055, 0.2556386201176055, -1.1024415492571742, 0.5272546539925616, -0.27161603387495603, -0.3195482751470067, -0.11184189630145269, 0.4793224127205109, 0.36748051641905777, 0.2875934476323061, -1.4060124106468308, 0.3994353439337588, 0.27161603387495603, 0.23966120636025545]
[-0.11332324514230274, -0.024635488074413736, 0.13795873321671648, 0.13795873321671626, -0.11825034275718527, 0.07883356183812351, 0.06405226899347538, 0.06897936660835813, -0.09361485468277175, 0.09361485468277175, -0.02956258568929626, -0.04927097614882725, 0.06897936660835802, 0.10839614752742, 0.08376065945300626, 0.06897936660835813, -0.19215680698042614, 0.09361485468277164, 0.05419807376371011, 0.05912517137859252]
[0.37581461191869714, 0.6013033790699138, 0.34574944296520105, -0.12026067581398303, 0.21045618267446997, 0.435944949825688, 0.25555393610471366, 0.2254887671512178, -1.0372483288956025, 0.5111078722094273, -0.25555393610471366, -0.2856191050582093, -0.13529326029073063, 0.46601011877918364, 0.31568427401170496, 0.30065168953495736, -1.3379000184305596, 0.3908471963954443, 0.24052135162796606, 0.27058652058146127]
[-0.11332324514230274, -0.024635488074413736, 0.13795873321671648, 0.13795873321671626, -0.11825034275718527, 0.07883356183812351, 0.06405226899347538, 0.06897936660835813, -0.09361485468277175, 0.09361485468277175, -0.02956258568929626, -0.04927097614882725, 0.06897936660835802, 0.10839614752742, 0.08376065945300626, 0.06897936660835813, -0.19215680698042614, 0.09361485468277164, 0.05419807376371011, 0.05912517137859252]
[0.37581461191869714, 0.6013033790699138, 0.34574944296520105, -0.12026067581398303, 0.21045618267446997, 0.435944949825688, 0.25555393610471366, 0.2254887671512178, -1.0372483288956025, 0.5111078722094273, -0.25555393610471366, -0.2856191050582093, -0.13529326029073063, 0.46601011877918364, 0.31568427401170496, 0.30065168953495736, -1.3379000184305596, 0.3908471963954443, 0.24052135162796606, 0.27058652058146127]
[0.16817340651716894, 0.030576983003121727, -0.20639463527107127, -0.20639463527107105, 0.16817340651716894, -0.12230793201248646, -0.09937519476014511, -0.09937519476014556, 0.1528849150156084, -0.1528849150156084, 0.04586547450468248, 0.08408670325858458, -0.11466368626170631, -0.16817340651716872, -0.12995217776326706, -0.09937519476014534, 0.298125584280436, -0.14524066926482782, -0.09173094900936496, -0.08408670325858458]
[0.6650547515207972, 1.0640876024332773, 0.5852481813383017, -0.15961314036499097, 0.3724306608516459, 0.7980657018249584, 0.42563504097330984, 0.3990328509124792, -1.8355511141974024, 0.9044744620682854, -0.42563504097331073, -0.5054416111558062, -0.26602190060831976, 0.8246678918857899, 0.5320438012166377, 0.5320438012166386, -2.3409927253532086, 0.6650547515207981, 0.42563504097331073, 0.42563504097331073]
[-0.10011234666716895, -0.0273033672728642, 0.1319662751521773, 0.11831459151574497, -0.09556178545502492, 0.06825841818216072, 0.06370785697001657, 0.05915729575787243, -0.08646066303073674, 0.08646066303073685, -0.02730336727286431, -0.0409550509092963, 0.05915729575787243, 0.10011234666716895, 0.07735954060644867, 0.06825841818216061, -0.1865730096979057, 0.08646066303073685, 0.050056173333584475, 0.050056173333584364]
[0.0668737138596055, 0.1003105707894082, 0.056585450188897046, -0.018004461423739904, 0.03600892284747981, 0.07458991161263695, 0.04372512060051126, 0.03858098876515703, -0.17490048240204525, 0.0823061093656684, -0.04372512060051126, -0.04629718651818848, -0.02314859325909424, 0.07458991161263695, 0.05401338427121982, 0.04886925243586554, -0.22119766892023357, 0.06430164794192839, 0.03600892284747992, 0.04372512060051126]
[-0.06184251710029354, -0.011244094018235007, 0.0758976346230873, 0.07589763462308752, -0.05622047009117592, 0.03935432906382308, 0.03935432906382308, 0.03654330555926433, -0.05340944658661706, 0.05622047009117587, -0.022488188036470402, -0.02811023504558796, 0.04216535256838194, 0.061842517100293426, 0.047787399577499556, 0.039354329063823024, -0.11525196368691043, 0.05903149359573462, 0.030921258550146713, 0.03092125855014677]
[0.5499347359653015, 0.8798955775444819, 0.5059399570880778, -0.17597911550889656, 0.32996084157918126, 0.6599216831583616, 0.35195823101779267, 0.3299608415791808, -1.5178198712642317, 0.7259138514741972, -0.37395562045640496, -0.41795039933362865, -0.17597911550889656, 0.6819190725969735, 0.48394256764946597, 0.3959530098950168, -1.9137728811592485, 0.5499347359653006, 0.37395562045640496, 0.37395562045640496]
[-0.07919185220059333, -0.018855202904903057, 0.10558913626745747, 0.09427601452451584, -0.07164977103863202, 0.05656560871470939, 0.04902352755274819, 0.04902352755274819, -0.0716497710386319, 0.0716497710386319, -0.022626243485883712, -0.037710405809806335, 0.05279456813372885, 0.08673393336255442, 0.06033664929569005, 0.05279456813372885, -0.15461266382020578, 0.07919185220059322, 0.04148144639078688, 0.04525248697176759]
[0.33595950190114143, 0.5599325031685685, 0.32196118932192697, -0.09798818805449994, 0.19597637610899898, 0.41994937737642646, 0.209974688688213, 0.22397300126742747, -0.951885255386566, 0.46194431511406897, -0.23797131384664194, -0.26596793900507, -0.12598481321292798, 0.4339476899556409, 0.3079628767427125, 0.2519696264258555, -1.217853194391636, 0.3639561270595695, 0.22397300126742747, 0.22397300126742703]
[0.16778999626809155, 0.038134090060929715, -0.21355090434120738, -0.19829726831683536, 0.16016317825590565, -0.12965590620716183, -0.09152181614623167, -0.09914863415841757, 0.1449095422315334, -0.14490954223153363, 0.045760908073115836, 0.06864136210967398, -0.09152181614623167, -0.17541681428027744, -0.12202908819497571, -0.1144022701827897, 0.31269953849962506, -0.1449095422315334, -0.0915218161462319, -0.09152181614623167]
[0.7881624817097261, 1.2295334714671737, 0.7251094831729477, -0.18915899561033367, 0.4413709897574467, 0.9773214773200616, 0.4728974890258346, 0.5044239882942261, -2.2383814480556232, 1.0403744758568383, -0.5990034860993916, -0.6305299853677813, -0.15763249634194487, 0.9773214773200607, 0.6935829839045589, 0.5990034860993916, -2.774331935618237, 0.8196889809781158, 0.5044239882942252, 0.5044239882942252]
[-0.12908209087155065, -0.030733831159893032, 0.17825622072737946, 0.17210945449540072, -0.13522885710352917, 0.09834825971165762, 0.07376119478374332, 0.07990796101572184, -0.11678855840759361, 0.11678855840759361, -0.04917412985582903, -0.06146766231978584, 0.09220149347967888, 0.14752238956748653, 0.10449502594363624, 0.08605472724770036, -0.25201741551112256, 0.12293532463957191, 0.055320896087807436, 0.07376119478374321]
[0.37064659044468407, 0.5930345447114935, 0.3409948632091089, -0.11860690894229897, 0.22238795426681035, 0.4299500449158331, 0.25203968150238465, 0.2372138178845975, -1.0229845896273266, 0.4892534993869826, -0.2520396815023851, -0.296517272355747, -0.11860690894229853, 0.4447759085336198, 0.3113431359735346, 0.2816914087379594, -1.2898501347474989, 0.3706465904446836, 0.2520396815023851, 0.2372138178845975]
[-3.8441094620895484, 1.793917748975126, 8.200766852457683, 6.406849103482571, -4.612931354507452, 5.894301175203964, 4.356657390368149, 4.612931354507452, -9.994684601432809, 7.944492888318386, -2.56273964139303, -4.100383426228838, 2.306465677253719, 7.944492888318386, 5.381753246925356, 4.100383426228845, -15.632711812497469, 6.406849103482571, 4.356657390368149, 4.100383426228841]
[-9.550320507106107, -11.576146069219519, -4.630458427687813, 3.47284382076586, -4.341054775957318, -7.235091293262201, -3.762247472496341, -3.1834401690353644, 18.521833710751224, -7.235091293262194, 3.1834401690353715, 4.051651124226822, 4.0516511242268365, -5.788073034609766, -4.051651124226822, -3.1834401690353786, 18.81123736248172, -4.919862079418294, -2.894036517304876, -3.1834401690353715]
[-3.669865016289016, 1.1468328175903224, 7.339730032578018, 5.963530651469647, -4.357964706843198, 5.046064397397387, 4.128598143325135, 3.899231579807079, -8.715929413686403, 7.110363469059962, -2.2936656351806377, -3.669865016289009, 2.0642990716625746, 7.110363469059955, 4.816697833879331, 3.669865016289009, -13.532627247565735, 6.192897214987713, 3.2111318892528864, 3.669865016289009]
[-7.229905273591385, -9.39887685566881, -4.578940006607887, 2.650965266983519, -3.6149526367956994, -6.506914746232248, -3.373955794342656, -2.8919621094365553, 15.905791601901058, -6.265917903779197, 2.891962109436548, 3.6149526367956994, 3.373955794342649, -5.301930533967017, -3.6149526367956994, -2.8919621094365553, 16.38778528680715, -4.337943164154829, -2.8919621094365624, -2.650965266983512]
[-3.8834264563770304, -0.1941713228188604, 5.630968361746703, 5.43679703892785, -3.495083810739331, 3.3009124879204776, 2.718398519463925, 2.912569842282778, -4.85428307047129, 4.465940424833583, -1.9417132281885117, -2.3300558738262254, 2.912569842282778, 5.048454393290143, 2.9125698422827746, 2.9125698422827746, -8.543538204029474, 5.242625716108996, 3.3009124879204776, 3.300912487920481]
[-4.3188302323804635, -6.558223686207363, -3.9989168818337575, 1.759523428006851, -1.9194801032802005, -4.958656933473865, -2.399350129100256, -2.3993501291002595, 11.356923944407882, -4.958656933473861, 1.759523428006851, 2.399350129100256, 2.719263479646955, -4.158873557107107, -2.719263479646955, -2.3993501291002595, 12.156707320774633, -2.8792201549203114, -1.759523428006851, -1.7595234280068546]
[-13.749634662289964, -11.785401139105694, -5.499853864915998, 0.7856934092737191, -0.39284670463685956, -9.821167615921404, -4.32131375100542, -3.5356203417317147, 25.535035801395665, -10.214014320558263, 2.7499269324579956, 3.142773637094848, 12.571094548379406, -10.999707729831982, -4.714160455642272, -3.92846704636856, 27.106422619943096, -7.071240683463429, -1.571386818547424, -3.142773637094848]
[0.3967896664301236, 7.935793328602514, 12.697269325764026, 9.126162327892871, -22.61701098651716, 17.0619556564954, 10.31653132718327, 8.332582995032638, -30.552804315119673, 20.236272987936417, 0.3967896664301236, -3.5711069978711407, -10.713320993613394, 19.839483321506293, 11.110110660043517, 7.142213995742253, -32.536752647270305, 15.474796990774905, 8.729372661462776, 7.539003662172377]
[-12.980321771669736, -12.21677343215974, -6.871935055589859, -1.1453225092649788, 3.4359675277949364, -9.544354243874814, -4.19951586730491, -3.0541933580399387, 24.433546864319503, -9.926128413629797, 2.2906450185299505, 3.0541933580399316, 12.598547601914746, -11.071450922894769, -4.19951586730491, -3.817741697549927, 25.960643543339465, -6.490160885834868, -2.2906450185299434, -2.672419188284948]
[1.083499818116394, 7.223332120775979, 10.473831575125175, 8.306831938892358, -19.50299672609512, 15.530164059668337, 9.39033175700878, 7.223332120775979, -27.80982866498752, 18.780663514017533, 1.0834998181164082, -2.166999636232802, -12.279664605319155, 18.780663514017547, 10.112664969086353, 7.223332120775986, -30.337994907259095, 13.363164423435535, 8.306831938892387, 6.500998908698378]
[-23.240287788182798, -11.934201837174939, 1.8843476585013121, 8.793622406339438, -21.984056015848594, -5.653042975503936, -1.2562317723341891, -0.6281158861671088, 23.240287788182798, -5.653042975503922, 5.024927089336813, 5.024927089336813, 12.562317723342062, -6.281158861671031, -1.884347658501298, -1.884347658501298, 25.124635446684096, -3.7686953170026243, 1.8843476585013264, 0.6281158861670804]
[8.089780310540391, 19.29101458667313, 21.780177759147108, 12.445815862369784, -38.582029173346314, 31.73683044904294, 18.668723793554662, 16.17956062108071, -64.09595169120433, 36.092866000872334, 0.6222907931184807, -4.356035551829422, -26.75850410409501, 35.47057520775385, 21.157886966028627, 14.934979034843735, -64.71824248432284, 24.26934093162106, 13.690397448606774, 11.823525069251275]
[-19.03713942203609, -13.891966605269573, -1.0290345633533065, 5.659690098443164, -12.34841476023962, -8.232276506826423, -2.572586408383259, -2.0580691267065987, 24.182312238802595, -8.74679378850307, 4.630655535089858, 5.145172816766518, 10.804862915209668, -9.261311070179715, -4.630655535089858, -3.6016209717365655, 28.812967773892467, -6.1742073801198245, -2.0580691267065987, -2.0580691267065987]
[2.551797608005103, 14.290066604828496, 17.352223734434602, 12.248628518424425, -32.66300938246516, 26.028335601651918, 14.800426126429528, 11.22790947522239, -47.973795030495694, 28.58013320965702, 2.041438086404071, -3.5725166512071382, -19.904021342439677, 28.06977368805596, 16.8418642128336, 11.738268996823393, -49.50487359529872, 20.924740385641726, 11.227909475222404, 10.717549953621372]
[-9.055108524196768, -10.120415409396387, -6.1255145898978185, 0.0, 6.924494753797532, -8.788781802896871, -4.527554262098384, -3.1959206555988615, 21.57246442529231, -9.587761966796585, 0.7989801638997136, 2.1306137703992434, 10.919395573296107, -10.386742130696291, -5.326534425998105, -3.994900819498575, 22.105117867892126, -6.39184131119773, -2.929593934298957, -3.1959206555988544]
[-2.742652513983977, 2.0569893854879737, 6.856631284959931, 5.4853050279679465, -11.19916443210122, 8.456511918117243, 5.713859404133274, 4.342533147141296, -12.79904506525854, 8.913620670447912, -0.22855437616533436, -2.7426525139839697, -1.1427718808266576, 9.370729422778567, 3.1997612663146384, 1.5998806331573192, -10.056392551274563, 7.085185661125259, 3.8854243948106237, 3.6568700186452965]
[-7.811198702980832, -7.3772432194818975, -4.122577093239876, -0.21697774174947426, 4.556532576738817, -7.160265477732423, -3.905599351490416, -2.82071064274308, 18.009152565205802, -8.245154186479766, -0.21697774174946005, 0.6509332252484015, 11.499820312721774, -8.896087411728168, -4.556532576738817, -3.4716438679914816, 19.527996757452073, -5.641421285486146, -2.82071064274308, -2.603732900993613]
[-1.8130965615782344, 2.820372429121697, 5.640744858243394, 4.834924164208623, -11.080034542978098, 7.65529659333032, 4.83492416420863, 3.82764829666516, -12.08731041052156, 8.2596621138564, 1.208731041052161, -0.8058206940347787, -4.6334689906999245, 8.461117287365084, 4.230558643682549, 2.417462082104315, -11.281489716486796, 6.446565552278173, 4.029103470173851, 3.021827602630392]
