[0.29150264679052995, -0.12273795654338038, -0.5676630490131389, -0.4142406033339121, 0.4142406033339121, -0.4142406033339121, -0.30684489135845316, -0.27616040222260807, 0.598347538148984, -0.4756095816056023, -0.3221871359263764, -0.2915026467905304, 0.8438234512357465, -0.4756095816056023, -0.27616040222260807, -0.24547591308676253, 0.8284812066678233, -0.38355611419806657, -0.214791423950917, -0.19944917938299467]
[0.11150895060312571, -0.059034150319301926, -0.2558146513836417, -0.17710245095790578, 0.18366180099338392, -0.17710245095790578, -0.13118700070956013, -0.1311870007095597, 0.2820520515255538, -0.20989920113529603, -0.14430570078051574, -0.1311870007095599, 0.37388295202224553, -0.20333985109981767, -0.12462765067408188, -0.11150895060312582, 0.37388295202224553, -0.17054310092242786, -0.09183090049669185, -0.09183090049669185]
[-0.25613333071742517, 0.1536799984304551, 0.6317955491029821, 0.44396443991020274, -0.3927377737667177, 0.4610399952913644, 0.3585866630043948, 0.32443555224207143, -0.7342488813899513, 0.5293422168160111, 0.3927377737667186, 0.324435552242071, -0.990382212107376, 0.5464177721971732, 0.324435552242071, 0.2902844414797485, -0.9733066567262147, 0.42688888452904195, 0.2561333307174247, 0.22198221995510137]
[0.002914624515645503, -0.0017811594262278074, -0.00631501978389859, -0.0045338603576707895, 0.004857707526075845, -0.0045338603576707895, -0.0032384716840505624, -0.0032384716840505624, 0.006962714120708709, -0.005019631110278373, -0.003724242436658143, -0.003238471684050566, 0.009553491467949156, -0.005181554694480894, -0.003076548099848038, -0.002752700931442975, 0.0092296442995441, -0.004210013189265727, -0.0024288537630379227, -0.002105006594632867]
[0.02188312611137666, -0.015446912549207048, -0.05148970849735679, -0.03861728137301751, 0.04634073764762109, -0.03733003866058365, -0.027032096961112306, -0.025744854248678395, 0.056638679347092435, -0.04119176679788539, -0.028319339673546245, -0.025744854248678367, 0.0746600773211673, -0.039904524085451476, -0.025744854248678395, -0.021883126111376605, 0.07208559189629946, -0.03089382509841407, -0.021883126111376633, -0.01673415526164093]
[0.2054829020487623, -0.13698860136584168, -0.5479544054633645, -0.35617036355118703, 0.4109658040975237, -0.38356808382435537, -0.2602783425950985, -0.27397720273168247, 0.5890509858731172, -0.4383635243706916, -0.3013749230048508, -0.27397720273168225, 0.7945338879218788, -0.42466466423410765, -0.27397720273168247, -0.23288062232192996, 0.7945338879218788, -0.35617036355118703, -0.20548290204876185, -0.19178404191217746]
[0.14007758988915064, -0.10505819241686298, -0.34143912535480414, -0.24513578230601274, 0.2801551797783004, -0.24513578230601318, -0.1838518367295099, -0.17509698736143786, 0.3852133721951636, -0.27140033041022904, -0.2013615354656535, -0.17509698736143786, 0.516536112716242, -0.28015517977830084, -0.16634213799336606, -0.14883243925722223, 0.49027156461202615, -0.22762608356986913, -0.12256789115300659, -0.12256789115300659]
[0.03613981857226223, -0.027104863929196643, -0.09260828509142205, -0.06550342116222518, 0.08131459178758993, -0.06550342116222524, -0.04517477321532776, -0.04517477321532776, 0.09712576241295467, -0.0722796371445244, -0.04969225053686055, -0.047433511876094236, 0.133265580985217, -0.07002089848375809, -0.04291603455456139, -0.04065729589379502, 0.12874810366368417, -0.058727205179926134, -0.033881079911495804, -0.031622341250729435]
[0.03613981857226223, -0.027104863929196643, -0.09260828509142205, -0.06550342116222518, 0.08131459178758993, -0.06550342116222524, -0.04517477321532776, -0.04517477321532776, 0.09712576241295467, -0.0722796371445244, -0.04969225053686055, -0.047433511876094236, 0.133265580985217, -0.07002089848375809, -0.04291603455456139, -0.04065729589379502, 0.12874810366368417, -0.058727205179926134, -0.033881079911495804, -0.031622341250729435]
[0.00186193512734293, -0.0013143071487126574, -0.004271498233316132, -0.003066716680329533, 0.003504819063233751, -0.003066716680329533, -0.0023000375102471514, -0.002080986318795039, 0.00470960061622035, -0.003395293467507693, -0.0025190887016992604, -0.002190511914521095, 0.0064620101478372275, -0.003504819063233751, -0.002080986318795039, -0.001971460723068988, 0.006242958956385124, -0.002628614297425315, -0.0017524095316168754, -0.001642883935890821]
[1.5373114498489606, -0.6330105969966304, -2.6224724732717526, -2.3511822174160564, 1.7181716204194224, -2.260752132130822, -1.7181716204194224, -1.4468813645637262, 3.526773326124083, -2.622472473271756, -1.8990317909898895, -1.4468813645637262, 4.6119343495468765, -2.803332643842218, -1.5373114498489606, -1.3564512792784935, 4.702364434832111, -2.170322046845591, -1.266021193993259, -0.9947309381375629]
[0.8887933583710836, -0.49377408798393674, -1.6294544903469905, -1.283812628758234, 1.1850578111614478, -1.2838126287582359, -1.0369255847662675, -0.8887933583710854, 2.024473760734141, -1.4319448551534162, -1.0369255847662675, -0.8887933583710863, 2.617002666314865, -1.4319448551534162, -0.9381707671694794, -0.7900385407742991, 2.617002666314864, -1.0863029935646606, -0.7900385407742982, -0.6419063143791179]
[-0.9047515806107249, 0.9047515806107249, 2.435869640105796, 1.739906885789857, -1.3223292332002927, 2.227080813811016, 1.531118059495073, 1.3919255086318838, -3.549410047011305, 2.3662733646742033, 1.739906885789857, 1.3919255086318838, -4.593354178485219, 2.3662733646742033, 1.4615217840634793, 1.2527329577686963, -4.662950453916813, 1.9486957120846373, 1.113540406905508, 1.0439441314739133]
[-0.5650214350373446, 0.44394541324362535, 1.4125535875933632, 1.0089668482809726, -0.7668148046935395, 1.2107602179371675, 0.9282495004184952, 0.8071734786247777, -2.017933696561945, 1.331836239730884, 0.9686081743497335, 0.8878908264872565, -2.6636724794617677, 1.331836239730884, 0.887890826487256, 0.766814804693539, -2.6636724794617685, 1.0493255222122118, 0.6457387828998229, 0.6457387828998224]
[2.24511965397231, -0.7923951719902291, -4.094041721949495, -3.6978441359543837, 3.433712411957643, -3.3016465499592726, -2.377185515970673, -2.245119653972303, 4.622305169942976, -3.5657782739560133, -2.641317239967414, -2.245119653972303, 6.207095513923427, -3.5657782739560133, -2.245119653972303, -1.9809879299755622, 6.3391613759217975, -2.9054489639641545, -1.8489220679771918, -1.5847903439804512]
[3.0138779914480125, -0.9041633974344023, -4.671510886744414, -4.21942918802722, 4.068735288454818, -3.6166535897376164, -2.7124901923032105, -2.5617962927308113, 5.274286485034022, -4.068735288454818, -2.8631840918756097, -2.5617962927308113, 6.931919380330427, -4.068735288454814, -2.4111023931584086, -2.411102393158412, 6.931919380330427, -3.1645718910204117, -1.9590206944412074, -1.8083267948688047]
[-0.730908719041949, 0.730908719041949, 1.553181027964147, 1.096363078562927, -0.8222723089221962, 1.4161356431437806, 1.0049994886826816, 0.8679541038623171, -2.284089747006096, 1.5531810279641451, 1.0963630785629261, 0.9136358988024389, -2.9693166711079257, 1.5074992330240233, 1.0049994886826825, 0.8222723089221953, -2.969316671107925, 1.2334084633832916, 0.7765905139820726, 0.685226924101829]
[1.7282037070542557, -1.1233324095852666, -3.1107666726976575, -2.160254633817818, 2.333075004523245, -2.246664819170533, -1.5553833363488287, -1.468973150996117, 3.2835870434030845, -2.4194851898759566, -1.728203707054254, -1.468973150996117, 4.320509267635638, -2.4194851898759566, -1.468973150996117, -1.2097425949379783, 4.061278711577499, -1.901024077759681, -1.123332409585263, -0.9505120388798414]
[-0.844274469565276, 0.6633585118012881, 2.1106861739131944, 1.6885489391305573, -1.145801065838592, 1.9900755354038697, 1.3267170236025798, 1.2664117043479166, -3.13587660124246, 2.1709914931678576, 1.5076329813665676, 1.3267170236025798, -4.100761709317064, 2.050380854658531, 1.3267170236025798, 1.0854957465839297, -4.040456390062402, 1.6885489391305555, 0.9648851080746041, 0.9045797888199401]
[0.2653390835099705, -0.15920345010598158, -0.6368138004239281, -0.4952996225519435, 0.4422318058499499, -0.5483674392539379, -0.3891639891479559, -0.3537854446799602, 0.8313957949979054, -0.5837459837219336, -0.4245425336159516, -0.35378544467995976, 1.0790456062738776, -0.5660567114879358, -0.35378544467995976, -0.3007176279779662, 1.0436670618058819, -0.4422318058499499, -0.30071762797796575, -0.2476498112759722]
[4.981473823418881, -0.22643062833722638, -7.019349478453876, -6.792918850116649, 7.698641363465541, -5.2079044517561, -3.622890053395544, -3.622890053395551, 6.792918850116649, -5.660765708430546, -4.302181938407209, -3.622890053395551, 9.283655761826097, -5.4343350800933266, -3.3964594250583247, -2.943598168383879, 8.377933248477198, -4.302181938407209, -2.4907369117094404, -2.037875655034995]
[4.985105347073343, -0.4531913951884903, -6.797870927827283, -6.79787092782729, 7.477658020610022, -4.98510534707335, -3.8521268591021354, -3.6255311615078796, 7.024466625421532, -5.664892439856075, -4.3053182542906185, -3.8521268591021283, 9.517019298958203, -5.438296742261834, -3.398935463913638, -3.1723397663194035, 8.61063650858123, -4.305318254290611, -2.4925526735366788, -2.265956975942423]
[4.821038200278458, -0.22957324763231668, -6.887197428969209, -6.887197428969209, 7.80549041949844, -5.050611447910754, -3.90274520974922, -3.443598714484608, 6.657624181336907, -5.968904438439992, -4.132318457381523, -3.6731719621169105, 9.412503152924593, -5.509757943175373, -3.443598714484608, -3.2140254668522985, 8.723783410027671, -4.361891705013839, -2.2957324763230673, -2.2957324763230744]
[5.439755732886397, -0.2365111188211486, -7.3318446834555715, -7.09533356463443, 8.277889158740166, -5.203244614065248, -3.7841779011383565, -3.547666782317215, 6.622311326992133, -5.912777970528687, -4.257200138780661, -3.7841779011383565, 9.460444752845895, -5.676266851707538, -3.3111556634960593, -3.3111556634960664, 8.514400277561307, -4.257200138780654, -2.365111188211472, -2.365111188211479]
[4.786644438711683, 0.0, -7.065998933336303, -6.838063483873825, 7.749805281723674, -5.014579888174147, -3.6469671913993764, -3.8749026408618334, 6.838063483873832, -5.470450787099068, -4.330773539786762, -4.102838090324298, 10.029159776348287, -5.698386236561525, -3.4190317419369194, -3.1910962924744553, 8.43361163011106, -4.330773539786762, -2.279354494624613, -2.0514190451621452]
[5.162284074841509, -0.4488942673775256, -6.957861144351597, -6.508966876974071, 7.631202545417878, -4.937836941152753, -3.815601272708932, -3.5911541390201904, 6.733414010662841, -5.83562547590779, -3.815601272708939, -3.5911541390201833, 8.977885347550455, -5.3867312085302785, -3.3667070053314134, -3.142259871642654, 8.528991080172926, -4.264495540086465, -2.2444713368876137, -2.020024203198851]
[5.09436149170282, -0.46312377197298105, -6.946856579594765, -6.946856579594751, 7.8731041235407275, -5.094361491702827, -3.936552061770371, -3.7049901757838626, 7.178418465581245, -5.789047149662295, -4.168113947756858, -3.7049901757838697, 9.262475439459678, -5.557485263675801, -3.2418664038108886, -3.2418664038108886, 8.336227895513709, -4.168113947756858, -2.3156188598649194, -2.0840569738784254]
[5.710631640326355, -0.4758859700271998, -7.61417552043514, -6.900346565394344, 8.328004475475936, -5.234745670299162, -4.045030745231159, -3.807087760217577, 7.138289550407947, -5.710631640326362, -4.282973730244763, -3.80708776021757, 9.279776415530328, -5.4726886553127585, -3.33120179019037, -3.0932588051767738, 8.090061490462332, -4.28297373024477, -2.3794298501359776, -1.6656008950951815]
[5.355556444257445, -0.465700560370216, -7.218358685738302, -6.752658125368086, 7.916909526293622, -5.355556444257452, -3.958454763146811, -3.7256044829616997, 7.218358685738295, -5.5884067244425495, -4.424155323517027, -3.7256044829616997, 9.314011207404263, -5.355556444257452, -3.2599039225914908, -3.0270536424063863, 7.916909526293615, -4.191305043331909, -2.328502801851066, -2.0956525216659543]
[5.340517450368523, -0.4855015863971346, -7.76802538235421, -7.039773002758494, 8.73902855514848, -5.826019036765651, -3.8840126911771122, -3.6412618979785236, 7.2825237959570615, -6.068769829964225, -4.369514277574233, -3.884012691177105, 9.952782521141323, -5.826019036765651, -3.3985111047799634, -2.913009518382829, 8.01077617555277, -4.36951427757424, -2.18475713878712, -2.18475713878712]
