[-14.612842248588024, -14.927897492730636, -12.322757841840911, -10.032673435093827, 21.967546108469776, -18.60524942267149, -11.06253686527053, -8.257520743435066, 43.335462804102235, -22.71283536995179, -12.20757906864408, -9.917494661896981, 49.89066078020096, -21.21038907356119, -13.352621272017629, -10.23254990603958, 49.17585259416684, -13.152744801071876, -10.862660394324777, -8.730103609648964]
[-15.280841706731657, -14.895345168514552, -12.164366104220406, -11.025028801441792, 21.16260099728251, -19.469846691501743, -12.097558183700627, -7.9925134313230615, 42.82716206194898, -22.586322294012987, -13.08612733356695, -8.981082581189384, 48.52384857584208, -22.20082575579589, -14.074696483433257, -9.131850734101661, 49.88076195205275, -17.25798000646428, -10.723492495617208, -8.595586042972258]
[-12.79033376889383, -14.765751618903025, -13.152824914672735, -11.021102619857103, 23.80477871244267, -19.597874055285686, -12.371302690640618, -9.251871470820376, 43.50907495636875, -21.729596350101332, -14.346720540649827, -10.083275951018564, 49.072837360617484, -21.210800759516005, -14.50302498545625, -10.239580395824973, 49.179259549257836, -16.272256134492977, -10.864798175050666, -9.564480360433222]
[-14.179577441149483, -13.83651333411234, -12.978853066519434, -10.83696393407763, 23.727789437297318, -18.5468601962519, -12.292724852445104, -9.337189234060318, 45.78879519413965, -20.86028138221225, -15.24826047082992, -11.136014259464943, 52.38599464498358, -20.38969900330639, -15.591324577867084, -10.322367773521904, 50.802715454747414, -15.292274252479785, -12.16520658057641, -8.86660685515443]
[-12.506192815155842, -14.002904582218946, -11.520826209617866, -9.209196224191828, 18.988214844547002, -18.551517118046448, -11.313054104930544, -9.171872506679563, 42.333440320620554, -20.86314710347247, -14.098705534369415, -9.986790725042496, 48.756985115373524, -21.3744922649976, -14.09870553436943, -10.157239112217539, 48.96475722006085, -16.106762462957647, -11.824399266455686, -8.527402675491658]
[-23.157244356633413, -16.239701288977898, -12.987342167702067, -12.300309266654367, 29.687082338962313, -20.065596301918774, -12.117503882691764, -9.895694112987456, 50.713919617872726, -22.97443897267079, -13.995797201872236, -11.773987432167914, 57.81426806949082, -18.370108366700933, -13.743683443329672, -11.178357223101528, 52.45359618789331, -6.41331555057041, -7.261059518179344, -6.574026617131651]
[-19.17320472020498, -16.018970805094746, -13.090144096542687, -10.656919847077774, 25.82051684861483, -19.128416674234188, -10.386724594548795, -8.449102804171034, 45.984926486994084, -20.345028798966638, -13.540958509659049, -10.38672459454881, 52.56358956974353, -15.996576782109344, -12.098939178368397, -10.882327053635933, 46.795512244580976, -7.277278725409367, -6.060666600676889, -7.029477495865791]
[-12.928918553837946, -14.752573527620484, -12.01184684100285, -10.870751425902796, 24.166050515590527, -18.62390717745049, -11.400465699112772, -8.435715310230208, 43.859874691348665, -20.753252722178075, -14.36521608799535, -9.271120154385201, 49.412506481376354, -19.23528831934057, -13.376965958367833, -10.412215569485241, 48.200232649483894, -13.00009697063038, -11.023596711375305, -7.753155751547709]
[-17.220422359578123, -14.879521418898207, -12.955678365627591, -10.614777424947704, 23.879888724139988, -20.43580067102073, -11.82558949123164, -7.897180192802452, 46.199170852487285, -22.77670161170063, -12.807691815838965, -10.04973298774972, 53.22187367452706, -20.018742783611373, -13.372736253036948, -11.408531603822325, 50.61190139622646, -10.991473716412997, -10.0093713918057, -7.856818596858432]
[-17.220422359578123, -14.879521418898207, -12.955678365627591, -10.614777424947704, 23.879888724139988, -20.43580067102073, -11.82558949123164, -7.897180192802452, 46.199170852487285, -22.77670161170063, -12.807691815838965, -10.04973298774972, 53.22187367452706, -20.018742783611373, -13.372736253036948, -11.408531603822325, 50.61190139622646, -10.991473716412997, -10.0093713918057, -7.856818596858432]
[12.731215546941229, 5.1867915191242275, 3.7722120139085007, 0.9430530034771323, -33.478381623438054, -3.3006855121699488, 7.544424027817016, 6.6013710243398975, -17.918007066065428, -3.3006855121699346, 9.430530034771266, 10.845109539986964, -23.104798585189627, -1.8861060069542503, 11.788162543464097, 12.259689045202677, -26.40548409735959, 1.8861060069542503, 8.015950529555582, 8.959003533032728]
[12.981936087268139, 4.63640574545289, 3.7091245963623294, 1.8545622981811505, -33.84576194180619, -2.78184344727174, 6.02732746908876, 6.027327469088789, -15.763779534539879, -4.17276517090761, 9.27281149090581, 10.66373321454168, -22.254747578173948, -1.8545622981811647, 12.05465493817755, 11.591014363632254, -25.96387217453625, 1.8545622981811647, 8.34553034181522, 8.809170916360515]
[11.746098609573622, 3.9153662031911978, 3.915366203191212, 1.3051220677304087, -32.19301100401658, -2.6102441354608175, 5.655528960165071, 6.09056964940855, -15.661464812764834, -2.610244135460789, 8.265773095625875, 10.440976541843227, -21.31699377292992, -1.7401627569738736, 11.311057920330157, 10.440976541843227, -23.927237908390723, 2.1752034462173526, 7.395691717138931, 8.265773095625889]
[12.699237757872694, 5.173763530985184, 4.233079252624236, 0.9406842783609335, -34.33497616017435, -1.881368556721867, 6.114447809346117, 6.584789948526591, -17.40265914967742, -3.7627371134437624, 9.40684278360942, 10.817869201150813, -22.576422680662574, -1.8813685567218954, 11.758553479511761, 12.228895618692235, -26.339159794106337, 2.351710695902341, 7.995816366067999, 8.936500644428946]
[12.582263116292879, 4.493665398676029, 3.5949323189408062, 2.2468326993380003, -34.15185702993776, -2.2468326993380145, 6.291131558146432, 5.841765018278821, -16.626561975101282, -3.145565779073209, 8.987330797352044, 11.234163496690059, -22.917693533247714, -1.3480996196028059, 11.234163496690059, 11.683530036557642, -25.16452623258573, 2.696199239205626, 7.189864637881641, 8.537964257484447]
[10.782908813813407, 4.313163525525368, 3.8818471729728117, 1.7252654102101417, -32.34872644144022, -3.019214467867741, 5.607112583182968, 6.901061640840581, -15.958705044443846, -3.4505308204202834, 9.057643403603265, 9.920276108708322, -20.703184922521743, -1.7252654102101417, 10.782908813813407, 10.782908813813407, -23.722399390389498, 1.2939490576576134, 6.901061640840581, 8.195010698498194]
[12.363846327625282, 4.57920234356493, 3.6633618748519297, 1.3737607030694932, -33.88609734238045, -2.7475214061389437, 5.952963046634409, 6.8688035153473805, -16.48512843683372, -3.663361874851944, 9.158404687129845, 10.532165390199324, -21.522251014755142, -1.831680937425972, 11.44800585891231, 11.44800585891231, -25.64353312396358, 1.831680937425972, 7.326723749703888, 8.242564218416845]
[13.949293396466075, 4.184788018939841, 3.7198115723909524, 1.8599057861954833, -34.40825704461636, -2.789858679293218, 6.04469380513531, 6.044693805135296, -16.274175629210433, -3.7198115723909524, 9.299528930977388, 11.159434717172886, -22.78384588089463, -1.859905786195469, 12.089387610270606, 12.08938761027062, -26.03868100673671, 2.3248822327443435, 7.904599591330793, 9.299528930977388]
[12.910385780376643, 4.781624363102438, 4.303461926792224, 1.9126497452409694, -35.38402028695816, -2.390812181551226, 6.216111672033193, 6.69427410834345, -17.692010143479095, -3.347137054171725, 9.563248726204918, 10.997736035135645, -23.42995937920203, -1.9126497452409836, 12.432223344066387, 11.475898471445888, -26.2989339970635, 2.39081218155124, 7.65059898096392, 9.563248726204918]
[12.751294009532316, 4.722701485011967, 3.305891039508367, 2.361350742506005, -34.94799098908857, -2.3613507425059765, 5.667241782014358, 6.139511930515553, -16.529455197541893, -3.305891039508367, 9.445402970023935, 10.86221341552752, -23.141237276558627, -1.4168104455036001, 11.806753712529925, 11.806753712529911, -26.44712831606701, 2.3613507425059765, 8.028592524520349, 8.973132821522725]