[2.631775752226808, -0.17545171681511817, -2.8072274690419334, -4.210841203562893, -2.1054206017814394, -6.140810088529214, -3.859937769932646, -3.3335826194872844, 10.000747858461864, -4.737196354008255, 5.088099787638491, 3.1581309026721627, -5.6144549380838455, -5.088099787638491, 5.439003221268727, 3.8599377699326496, -5.263551504453609, -4.912648070823373, 4.035389486747768, 3.509034336302406]
[4.085991429216257, 4.796598634297354, 3.02008062159463, -0.7106072050810894, 8.704938262243338, 6.217813044459529, 4.263643230486533, 2.8424288203243577, -16.876921120675867, 4.263643230486537, -4.796598634297347, -2.1318216152432683, -1.954169813972996, 2.8424288203243577, -3.375384224135175, -1.5988662114324512, -3.02008062159463, 2.3094734165135407, -1.0659108076216341, -0.5329554038108171]
[1.9746623339419358, 0.5265766223845176, -0.6582207779806453, -2.632883111922581, -4.212612979076134, -4.607545445864517, -2.501238956326457, -2.50123895632645, 7.50371686897936, -1.9746623339419394, 4.739189601460648, 2.7645272675187123, -6.977140246594843, -2.2379506451341946, 5.002477912652907, 3.2911038899032263, -6.977140246594843, -1.9746623339419358, 3.817680512287744, 2.89617142311484]
[2.7449272673609855, 3.4311590842012265, 1.5097099970485388, -0.4117390901041418, 6.176086351562212, 5.0781154446178185, 2.744927267360982, 2.607680903992936, -13.312897246700771, 3.5684054475692797, -2.470434540624886, -2.0586954505207338, -2.882173630729035, 2.470434540624886, -1.5097099970485424, -1.0979709069443935, -3.8428981743053825, 1.9214490871526948, 0.0, -0.13724636336804963]
[3.680033928850584, -0.4329451681000762, -3.463561344800553, -6.277704937450984, -1.7317806724002693, -7.360067857701175, -4.978869433150784, -4.112979096950653, 11.905992122751883, -5.844759769350922, 6.0612323534009604, 3.896506512900615, -7.14359527365113, -6.2777049374509915, 6.927122689601092, 5.195342017200822, -7.14359527365113, -5.628287185300884, 5.195342017200815, 4.762396849100753]
[4.365311096293368, 4.762157559592779, 3.174771706395191, -7.105427357601002e-15, 9.921161582484949, 7.738506034338265, 4.960580791242471, 3.968464632993978, -20.83443932321839, 4.563734327943074, -5.5558504861915665, -2.777925243095787, -1.5873858531975884, 3.174771706395177, -3.968464632993971, -1.9842323164969997, -2.9763484747454783, 2.182655548146684, -1.1905393898981913, -0.5952696949490957]
[6.144984308181847, -2.4579937232727502, -8.910227246863684, -9.831974893090973, 6.144984308181847, -9.831974893090965, -6.759482739000042, -4.915987446545486, 14.133463908818271, -10.446473323909153, 4.915987446545486, 6.452233523590948, -6.759482739000042, -10.44647332390916, 6.452233523590948, 6.759482739000049, -5.223236661954573, -8.910227246863698, 4.301489015727299, 6.452233523590948]
[5.4169063789614, 6.229442335805643, 1.6250719136884157, 1.3542265947403536, 13.000575309507404, 11.375503395818974, 6.500287654753706, 5.958597016857553, -28.70960380849551, 7.041978292649844, -8.39620488739019, -5.4169063789614285, 0.2708453189480764, 4.604370422117206, -7.041978292649851, -3.520989146324922, -0.5416906378961386, 2.7084531894807213, -3.25014382737686, -1.8959172326364921]
[2.989761696566511, -0.9199266758666198, -3.679706703466479, -6.439486731066339, -0.4599633379333028, -6.8994500689996485, -4.3696517103664405, -3.9096883724331306, 10.57915677246612, -5.979523393133022, 6.669468400032983, 3.9096883724331377, -7.819376744866261, -6.669468400032997, 6.669468400032997, 5.289578386233053, -7.1294317379663, -5.519560055199712, 4.599633379333099, 4.829615048299743]
[4.39418268448334, 7.03069229517336, 3.5153461475866763, 0.659127402672496, 8.568656234742534, 8.348947100518359, 5.053310087155843, 3.9547644160350117, -21.5314951539684, 6.591274026725024, -4.174473550259179, -3.2956370133625086, -4.394182684483347, 5.273019221380018, -3.075927879138348, -2.6365096106900126, -5.932146624052507, 3.9547644160350046, 0.0, -0.4394182684483354]
[1.8929194726589174, 1.0095570520847588, 0.3785838945317863, -1.261946315105945, -6.183536944019146, -4.416812102870814, -2.9024765247436832, -2.3976979987012967, 7.193093996103897, -0.5047785260423794, 5.047785260423794, 2.902476524743676, -8.833624205741629, -0.25238926302119324, 4.921590628913194, 2.9024765247436832, -8.328845679699256, 0.0, 3.5334496822966557, 2.1453087356801106]
[1.8929194726589174, 1.0095570520847588, 0.3785838945317863, -1.261946315105945, -6.183536944019146, -4.416812102870814, -2.9024765247436832, -2.3976979987012967, 7.193093996103897, -0.5047785260423794, 5.047785260423794, 2.902476524743676, -8.833624205741629, -0.25238926302119324, 4.921590628913194, 2.9024765247436832, -8.328845679699256, 0.0, 3.5334496822966557, 2.1453087356801106]
[1.8929194726589174, 1.0095570520847588, 0.3785838945317863, -1.261946315105945, -6.183536944019146, -4.416812102870814, -2.9024765247436832, -2.3976979987012967, 7.193093996103897, -0.5047785260423794, 5.047785260423794, 2.902476524743676, -8.833624205741629, -0.25238926302119324, 4.921590628913194, 2.9024765247436832, -8.328845679699256, 0.0, 3.5334496822966557, 2.1453087356801106]
[1.8929194726589174, 1.0095570520847588, 0.3785838945317863, -1.261946315105945, -6.183536944019146, -4.416812102870814, -2.9024765247436832, -2.3976979987012967, 7.193093996103897, -0.5047785260423794, 5.047785260423794, 2.902476524743676, -8.833624205741629, -0.25238926302119324, 4.921590628913194, 2.9024765247436832, -8.328845679699256, 0.0, 3.5334496822966557, 2.1453087356801106]
[5.174185308724901, -2.178604340515747, -8.442091819498543, -8.714417362062996, 4.084883138467028, -9.53139398975641, -6.263487478982782, -4.901859766160442, 13.888602670787918, -9.25906844719195, 4.629534223595975, 5.446510851289382, -5.446510851289382, -9.53139398975641, 6.263487478982782, 6.535813021547256, -5.718836393853842, -8.16976627693407, 4.901859766160442, 6.263487478982782]
[6.276715131123467, 6.7416569926881635, 2.0922383770411557, 0.46494186156471073, 12.08848840068223, 10.22872095442343, 6.276715131123471, 4.649418615647015, -26.03674424762328, 6.741656992688171, -6.974127923470519, -4.416947684864667, -1.1623546539117484, 4.649418615647008, -5.8117732695587705, -3.4870639617352595, -2.0922383770411557, 3.254593030952911, -2.0922383770411628, -1.3948255846940896]
[8.52123791152529, -1.11146581454679, -10.003192330920982, -11.855635355165617, 7.039283492129584, -11.485146750316687, -8.15074930667636, -6.298306282431724, 16.30149861335272, -12.226123960014547, 4.075374653338173, 7.039283492129584, -5.557329072733879, -12.967101169712386, 6.2983062824317315, 8.15074930667636, -5.186840467884949, -11.114658145467772, 5.186840467884963, 7.78026070182743]
[4.38532886273255, 5.95151774227989, 1.2529511036378693, 0.9397133277284127, 17.5413154509302, 13.469224364107113, 8.144182173646165, 6.577993294098828, -33.51644202231307, 6.577993294098832, -10.33684660501244, -6.891231070008303, 4.072091086823093, 4.072091086823079, -9.08389550137457, -4.698566638642021, 2.8191399831852095, 1.2529511036378835, -4.698566638642021, -2.505902207275753]
[1.7114534958393932, -0.6223467257597832, -3.1117336287988877, -4.978773806078223, -0.46676004431982676, -5.601120531837999, -3.889667035998613, -3.4229069916787758, 9.801960930716497, -4.823187124638277, 4.512013761758389, 3.1117336287988877, -4.823187124638274, -5.289947168958115, 4.823187124638281, 3.889667035998606, -4.045253717438552, -4.512013761758389, 3.2673203102388335, 3.4229069916787793]
[4.037743332817982, 3.7685604439634446, 2.018871666408998, -0.5383657777090676, 6.460389332508772, 5.383657777090644, 3.3647861106816492, 2.42264599969079, -13.997510220435672, 3.499377555108918, -3.768560443963448, -1.7496887775544643, -1.7496887775544536, 2.557237444118055, -2.42264599969079, -1.4805058886999305, -2.6918288885453165, 1.8842802219817258, -0.5383657777090676, -0.5383657777090605]
[7.311281101092234, 2.350054639636795, -5.744578008001042, -9.40021855854716, 4.177874914909857, -7.050163918910378, -5.744578008001049, -5.222343643637302, 10.966921651638351, -4.43899209709172, 4.70010927927359, 3.133406186182384, -8.3557498298197, -6.266812372364768, 5.744578008001042, 4.177874914909843, -8.355749829819693, -5.222343643637316, 4.17787491490985, 3.6556405505461242]
[6.268107034827295, 9.884322631843027, 6.027025995026243, 0.482162079602098, 6.268107034827288, 9.643241592041996, 5.78594495522519, 4.098377676617844, -22.179455661696572, 7.955674313434642, -6.268107034827295, -5.06270183582204, -0.964324159204196, 7.714593273633582, -4.098377676617844, -5.303782875623092, -3.857296636816791, 6.991350154230439, -1.446486238806294, -3.1340535174136477]
[6.876581848464298, 2.5468821660978875, -6.112517198634933, -8.65939936473282, 3.8203232491468384, -7.131270065074091, -5.603140765415354, -5.093764332195775, 10.951593314220922, -4.32969968236641, 4.32969968236641, 3.0562585993174594, -7.895334714903441, -5.857828982025147, 5.348452548805561, 4.075011465756617, -8.150022931513234, -5.348452548805561, 4.075011465756617, 3.8203232491468313]
[6.11490173453344, 9.407541130051449, 6.114901734533433, 0.7055655847538631, 5.644524678030869, 9.407541130051449, 5.409336149779584, 4.4685820367744356, -21.872533127369614, 8.231598488795015, -5.879713206282155, -5.644524678030869, -0.7055655847538631, 7.526032904041159, -3.998204980271865, -4.938959093277006, -3.7630164520205795, 6.585278791036018, -1.1759426412564409, -3.2926393955180018]
[7.210646281680397, 2.3177077333972704, -5.923030874237469, -9.013307852100496, 3.862846222328784, -6.953123200191804, -5.665507792748883, -5.150461629771705, 11.073492504009167, -4.377892385305948, 4.1203693038173625, 3.0902769778630272, -7.983215526146147, -5.923030874237462, 5.407984711260291, 3.862846222328777, -7.725692444657554, -5.665507792748883, 4.377892385305948, 3.862846222328784]
[5.45493803126255, 9.546141554709472, 5.682227115898499, 0.6818672539078179, 5.682227115898492, 9.091563385437592, 5.454938031262554, 3.86391443881098, -21.137884871142397, 7.955117962257887, -5.682227115898499, -5.2276489466266085, -0.9091563385437595, 7.273250708350076, -3.86391443881098, -4.318492608082856, -4.091203523446914, 6.36409436980631, -1.136445423179694, -2.7274690156312857]
[6.953305239165886, 2.317768413055319, -6.438245591820277, -8.756014004875581, 4.120477178764979, -7.210835062838704, -5.40812629712903, -5.150596473456218, 10.81625259425806, -4.3780070024377835, 4.120477178764972, 2.832828060400921, -7.725894710184328, -5.923185944474653, 5.40812629712903, 3.8629473550921674, -7.725894710184328, -5.40812629712903, 4.120477178764979, 3.8629473550921603]
[6.004156221655393, 9.468092503379673, 5.080439879862261, 0.9237163417931384, 5.773227136207119, 9.006234332483096, 5.773227136207119, 4.156723538069123, -21.70733403213876, 7.620659819793396, -5.542298050758831, -5.3113689653105425, -0.6927872563448574, 7.3897307343451075, -3.925794452620835, -4.618581708965692, -3.925794452620842, 6.466014392551969, -1.1546454272414266, -2.7711490253794153]
[6.876834969470721, 2.1159492213756153, -6.612341316798776, -8.728290538174392, 4.496392095423175, -7.405822274814632, -5.554366706110976, -5.289873053439017, 11.108733412221945, -4.76088574809512, 4.231898442751216, 3.1739238320634087, -7.934809580158529, -6.0833540114548725, 5.025379400767072, 4.231898442751216, -7.670315927486584, -5.554366706110969, 3.9674047900792644, 3.9674047900792644]
[6.837264827634577, 9.76752118233511, 5.616324679842691, 0.48837605911674586, 6.104700738959451, 9.523333152776729, 5.860512709401071, 4.6395725616091745, -22.709486748929134, 8.302393004984843, -6.348888768517817, -5.372136650284311, -0.976752118233513, 7.81401694586809, -4.151196502492425, -4.883760591167551, -4.151196502492425, 6.837264827634577, -1.220940147791886, -3.174444384258912]
[6.425314460661795, 1.799088048985297, -6.425314460661795, -8.738427666500044, 4.626226411676491, -7.196352195941209, -5.654276725382388, -4.883238990102967, 10.794528293911824, -4.112201254823553, 3.598176097970608, 3.084150941117663, -7.453364774367685, -5.911289303808857, 4.883238990102967, 4.112201254823553, -7.453364774367692, -5.654276725382381, 3.855188676397084, 4.112201254823546]
[6.465845757954327, 9.818506521338044, 5.507942682701831, 0.4789515376262514, 5.74741845151496, 9.3395549837118, 5.74741845151496, 4.7895153762624645, -22.510722268433582, 7.902700370833067, -5.507942682701838, -5.747418451514953, -0.7184273064393736, 7.663224602019945, -4.071088069823098, -5.0289911450755795, -4.071088069823098, 6.705321526767449, -0.9579030752524957, -3.1131849945706023]
[6.892746581593087, 2.297582193864372, -6.382172760734349, -8.679754954598707, 4.339877477299353, -7.1480334920224635, -5.616312029446227, -4.850451298158099, 10.722050238033702, -4.59516438772873, 4.084590566869977, 2.80815601472311, -7.40332040245184, -5.871598939875597, 4.850451298158106, 4.084590566869977, -7.1480334920224635, -5.616312029446227, 3.5740167460112318, 4.3398774772993605]
[7.05090792134196, 9.482255480425387, 5.592099385891899, 0.7294042677250303, 6.078368897708579, 9.482255480425394, 6.078368897708582, 4.376425606350178, -22.611532299475925, 7.780312189066983, -6.078368897708586, -5.348964629983541, -0.7294042677250374, 8.023446944975326, -4.133290850441831, -5.105829874075212, -4.133290850441831, 6.807773165433609, -0.9725390236333666, -3.1607518268084718]
[6.579063788658672, 2.105300412370781, -6.5790637886586865, -8.684364201029439, 4.473763376287906, -7.368551443297719, -5.789576134019626, -4.73692592783425, 11.052827164946564, -4.7369259278342355, 3.9474382731952034, 2.894788067009813, -7.6317139948440555, -6.052738685565977, 5.263251030926938, 3.9474382731952034, -7.631713994844063, -5.789576134019626, 4.210600824741547, 3.9474382731952034]
[7.030491062371254, 9.454798325257904, 5.575906704639273, 0.48486145257733426, 6.0607681572166, 9.454798325257897, 6.0607681572166, 4.363753073195955, -22.546057544845755, 8.242644693814576, -6.0607681572166, -5.575906704639273, -0.7272921788659943, 7.515352514948589, -4.1213223469072915, -4.848614525773286, -4.121322346907284, 7.0304910623712615, -1.4545843577319886, -3.151599441752637]
[7.210772850139804, 2.136525288930315, -6.676641527907236, -8.81316681683753, 4.273050577860623, -7.477838511256081, -5.875444544558363, -5.074247561209489, 11.216757766884136, -4.273050577860623, 3.7389192556280406, 3.2047879333954725, -8.011969833488664, -6.142510205674654, 5.34131322232578, 4.273050577860623, -7.7449041723723795, -5.875444544558356, 4.005984916744339, 4.540116238976907]
[7.236707667440925, 9.732124104489515, 5.739457805211757, 0.4990832874097251, 6.488082736326348, 9.732124104489515, 5.98899944891663, 4.741291230392328, -23.456914508256787, 8.48441588596522, -6.488082736326348, -5.988999448916623, -0.2495416437048661, 7.985332598555502, -4.741291230392321, -5.240374517802053, -3.743124655572892, 6.987166023736066, -1.497249862229161, -3.493583011868026]
[6.86771652675759, 2.1976692885624374, -6.86771652675759, -9.065385815320028, 4.944755899265473, -7.966551171038802, -5.768881882476379, -5.494173221406072, 11.81247242602305, -4.67004723819516, 4.120629916054554, 3.0217952717733354, -8.241259832109108, -6.043590543546671, 5.219464560335766, 4.120629916054554, -7.691842509968502, -6.043590543546678, 4.3953385771248605, 4.120629916054554]
[6.698215428787307, 9.92328211672195, 5.705887217115119, 0.49616410583609394, 6.698215428787314, 9.427118010885849, 6.202051322951213, 4.465476952524874, -23.07163092137852, 8.434789799213654, -6.20205132295122, -5.953969270033163, -0.49616410583609394, 7.938625693377553, -4.713559005442924, -5.209723111279018, -3.7212307937707294, 6.946297481705358, -1.7365743704263394, -2.976984635016578]
[2.92938617602573, 0.20924186971612357, -3.975595524606348, -6.068014221767584, -0.6277256091483707, -5.6495304823353365, -3.975595524606348, -3.5571117851740937, 9.20664226750943, -5.6495304823353365, 4.812563003470842, 3.975595524606348, -5.231046742903089, -6.904981700632071, 5.858772352051453, 4.603321133754719, -4.1848373943224715, -3.5571117851741008, 4.603321133754719, 3.975595524606348]
[5.709672956120855, 6.497214053516842, 2.1657380178389474, -1.5750821947919604, 8.269181522657803, 7.4816404252618085, 4.1345907613289015, 3.3470496639329177, -18.31033051445655, 6.1034435048188485, -3.937705486979901, -3.150164389583921, -3.740820212630908, 5.119017133073868, -2.3626232921879406, -2.756393840885927, -5.709672956120869, 3.937705486979908, -0.19688527434899328, -1.3781969204429672]
[2.8746666379337853, -0.20533333128098263, -3.9013332943387127, -5.749333275867571, -0.41066666256196527, -5.749333275867571, -3.9013332943387127, -3.695999963057723, 9.445333238925294, -5.954666607148553, 4.722666619462643, 3.69599996305773, -4.517333288181661, -6.981333263553481, 5.543999944586581, 4.927999950743633, -4.311999956900678, -3.490666631776733, 4.517333288181661, 4.106666625619695]
[5.419162085750941, 6.166632718268318, 1.681808923164084, -1.1212059487760513, 8.035309299561739, 6.727235692656343, 3.924220820716201, 3.176750188198831, -17.004956889770206, 5.419162085750948, -3.924220820716208, -2.9898825300694796, -2.9898825300694867, 4.4848237951042265, -2.429279555681461, -2.242411897552117, -5.232294427621596, 3.5504855044575123, -0.5606029743880185, -0.9343382906467212]
[3.1954108303392132, 0.21302738868928373, -4.047520385096341, -6.390821660678434, -0.42605477737856745, -5.751739494610582, -3.8344929964070573, -3.6214656077177807, 9.160177713639087, -5.964766883299873, 5.112657328542753, 3.83449299640705, -5.325684717232022, -6.816876438056994, 5.964766883299873, 4.686602551164178, -4.473575162474901, -3.6214656077177807, 4.899629939853469, 4.260547773785625]
[5.603666215956679, 6.18335582450392, 1.9322986951574705, -1.9322986951574705, 8.502114258692892, 7.149505172082659, 4.057827259830699, 3.478137651283454, -17.97037786496452, 5.990125954988173, -4.057827259830702, -2.898448042736206, -3.6713675207992083, 5.217206476925185, -2.511988303704719, -2.705218173220466, -5.410436346440932, 3.8645973903149553, -0.5796896085472483, -1.1593792170944894]
[3.1777139253093623, 0.42369519004124356, -4.236951900412471, -6.143580255598096, -0.6355427850618725, -5.508037470536223, -3.8132567103712347, -3.601409115350613, 9.109446585886836, -5.931732660577474, 5.0843422804949725, 4.025104305391864, -5.508037470536223, -6.779123040659975, 5.719885065556845, 4.872494685474358, -4.660647090453729, -3.1777139253093623, 4.660647090453729, 4.236951900412485]
[4.895062234793443, 6.65728463931908, 2.153827383309114, -1.566419915133899, 8.223704554452986, 7.244692107494288, 4.307654766618231, 3.32864231965954, -18.01382902403987, 5.874074681752134, -3.720247298443013, -2.937037340876067, -3.9160497878347584, 5.090864724185181, -2.5454323620925834, -2.5454323620925905, -5.482469702968665, 3.524444809051289, -0.5874074681752148, -1.1748149363504297]
[3.6403671428737567, 0.0, -4.550458928592192, -6.59816544645868, 0.0, -6.143119553599455, -4.095413035732967, -4.0954130357329745, 9.783486696473204, -6.370642500029064, 5.460550714310628, 3.8678900893033656, -5.460550714310635, -7.280734285747499, 6.370642500029064, 5.00550482145141, -5.00550482145141, -3.8678900893033585, 5.233027767881019, 4.3229359821625835]
[5.751553750932487, 6.9840295547037385, 2.0541263396187475, -1.6433010716949923, 8.62733062639873, 7.600267456589357, 4.519077947161243, 3.4920147773518693, -19.10337495845434, 6.367791652818113, -4.108252679237495, -3.081189509428114, -3.9028400452756244, 5.546141116970617, -3.081189509428114, -2.8757768754662507, -5.54614111697061, 4.108252679237495, -0.6162379018856328, -1.4378884377331218]
[3.5936340870359444, 0.6738063913192391, -4.716644739234667, -6.738063913192384, 0.0, -6.064257521873145, -4.042838347915428, -3.818236217475686, 9.433289478469334, -6.064257521873138, 5.165849000114157, 4.042838347915428, -5.615053260993655, -7.187268174071875, 6.288859652312894, 4.716644739234667, -4.716644739234667, -3.5936340870359373, 4.941246869674416, 4.492042608794918]
[5.2892069806226445, 6.509793206920172, 2.441172452595069, -1.4240172640137985, 8.544103584082734, 7.323517357785192, 4.475482829757617, 3.4583276411763464, -18.919086507611752, 6.306362169203915, -3.6617586788926033, -3.2548966034600824, -4.06862075432511, 5.2892069806226445, -2.6446034903113187, -2.8480345280275756, -5.492638018338901, 3.865189716608853, -0.6102931131487566, -1.4240172640137914]
[3.2818571014279527, 0.43758094685705373, -4.157018995142067, -6.5637142028559055, -0.21879047342852687, -5.907342782570311, -4.157018995142074, -3.9382285217135404, 9.626780830855324, -6.126133255998845, 5.250971362284723, 4.157018995142074, -5.688552309141784, -7.001295149712959, 6.1261332559988375, 4.594599941999135, -4.594599941999135, -3.5006475748564796, 4.813390415427662, 4.157018995142074]
[5.4579032862622086, 6.670770683209383, 2.2235902277364588, -1.415011963105023, 8.490071778630124, 7.479348947840812, 4.245035889315062, 3.6386021908414747, -18.799444652680975, 6.064336984735803, -3.638602190841482, -3.234313058525757, -4.042891323157193, 5.255758720104353, -2.6278793600521766, -2.830023926210046, -5.457903286262216, 3.8407467569993443, -0.6064336984735803, -1.415011963105023]
[3.4286059392052337, 0.4285757424006533, -4.28575742400654, -6.428636136009814, -0.64286361360098, -5.571484651208493, -3.857181681605894, -3.6428938104055533, 9.000090590413734, -5.571484651208507, 4.714333166407201, 4.071469552806207, -5.357196780008167, -6.857211878410467, 5.785772522408827, 4.714333166407194, -4.500045295206867, -3.857181681605887, 4.92862103760752, 4.500045295206867]
[5.335190192797732, 7.181986797996942, 2.257195850799043, -1.8467966051992164, 8.618384157596324, 7.797585666396678, 4.309192078798166, 3.6935932103984257, -19.28876454319178, 6.361188306797288, -3.693593210398433, -3.283193964798599, -4.103992455998252, 5.335190192797732, -2.8727947191987795, -2.6675950963988626, -5.540389815597635, 4.103992455998245, -1.025998113999563, -1.2311977367994729]
[3.3344695432755103, 0.222297969551704, -4.66825736058572, -6.6689390865510205, 0.0, -6.002045177895916, -4.001363451930615, -3.779065482378911, 9.55881269072313, -6.002045177895916, 5.112853299689114, 4.001363451930608, -5.557449238792515, -7.335832995206125, 6.22434314744762, 4.890555330137417, -4.445959391034009, -3.7790654823789183, 4.66825736058572, 4.445959391034009]
[5.421995126198986, 6.62688293202099, 2.008146343036664, -1.4057024401256655, 8.635029275057654, 7.229326834931982, 4.217107320376989, 3.413848783162326, -18.274131721633633, 6.024439029109992, -3.8154780517696523, -3.0122195145549995, -4.016292686073328, 5.020365857591656, -2.409775611643994, -2.6105902459476624, -5.622809760502648, 3.614663417465991, -0.40162926860733705, -1.204887805821997]
[3.657963581513343, 0.43034865664863275, -4.518660894810608, -6.240055521405125, -0.43034865664862565, -5.809706864756485, -3.65796358151335, -3.657963581513343, 9.037321789621203, -5.809706864756485, 4.949009551459227, 3.8731379098376664, -5.379358208107867, -6.88557850637806, 5.8097068647564925, 4.733835223134918, -4.518660894810608, -3.657963581513343, 4.733835223134918, 4.518660894810601]
[5.337550787112988, 6.523673184249191, 2.174557728083059, -1.9768706618936989, 8.698230912332264, 7.314421449006673, 4.151428389976758, 3.558367191408653, -18.384897155611366, 5.9306119856810895, -3.9537413237873977, -2.965305992840541, -3.7560542575980236, 5.139863720923614, -2.767618926651174, -2.372244794272433, -5.732924919491715, 3.9537413237873835, -0.5930611985681082, -1.1861223971362165]
[3.444939916846451, 0.0, -3.444939916846451, -5.876662211090995, -1.8237917206834098, -6.2819492601317535, -4.052870490407585, -3.8502269658872024, 10.334819750539339, -5.876662211090995, 5.471375162050236, 4.255514014927961, -6.484592784652136, -6.484592784652129, 5.876662211090995, 5.471375162050236, -5.674018686570612, -3.242296392326068, 4.660801063968719, 4.458157539448344]
[4.77930323533532, 6.117508141229223, 1.7205491647207083, -1.5293770353073057, 9.176262211843827, 7.838057305949931, 4.58813110592191, 3.8234425882682608, -19.881901458994943, 4.77930323533532, -4.205786847095084, -2.8675819412011947, -2.4852376823743683, 4.014614717681674, -2.676409811787785, -2.2940655529609515, -4.779303235335327, 3.249926200028021, -0.7646885176536529, -0.9558606470670696]
