[-8.60390279317204, -3.263549335341125, 6.2304123674694125, 8.900589096384877, 3.856921941766771, 8.307216489959217, -5.340353457830929, -3.560235638553948, 8.010530186746387, 8.01053018674638, -7.417157580320719, -3.263549335341118, 8.60390279317204, 8.60390279317204, -7.713843883533556, -4.450294548192431, 8.60390279317204, 5.933726064256575, -5.340353457830915, -4.4502945481924385]
[-7.9937175348314895, -2.5786185596230666, 7.477993822906882, 7.220131966944578, 2.062894847698445, 6.962270110982274, -4.641513407321511, -2.5786185596230666, 6.70440825501997, 6.96227011098226, -6.704408255019956, -1.5471711357738442, 6.188684543095356, 7.220131966944578, -6.446546399057667, -2.5786185596230595, 6.4465463990576595, 5.41509897520843, -4.899375263283815, -2.8364804155853705]
[-7.54107545963393, -3.9101872753657574, 5.0273836397559535, 8.378972732926599, 5.5859818219510515, 6.982477277438832, -4.748084548658397, -3.072290002073089, 7.261776368536381, 7.820374550731479, -8.099673641829035, -2.2343927287804277, 8.099673641829042, 6.982477277438825, -6.703178186341269, -4.189486366463299, 6.982477277438832, 6.144580004146164, -4.468785457560855, -3.910187275365743]
[-7.638191411277404, -3.160630928804437, 5.531104125407779, 8.691735054212202, 2.370473196603335, 7.9015773220111, -3.6874027502718505, -3.6874027502718434, 6.057875946875171, 8.164963232744803, -6.057875946875178, -3.160630928804437, 6.3212618576088815, 7.901577322011093, -5.267718214674062, -4.740946393206656, 6.057875946875171, 5.794490036141468, -3.6874027502718434, -4.21417457173925]
[-7.035822618017903, -2.9766941845460337, 5.141562682397691, 7.577039742480821, 5.682779806860623, 7.577039742480821, -4.60034555793478, -3.2473027467774926, 6.494605493554992, 8.118256866943739, -7.577039742480835, -3.2473027467774926, 7.306431180249369, 8.38886542917519, -7.035822618017903, -4.600345557934787, 6.765214055786458, 5.9533883690920675, -4.870954120166239, -4.329736995703335]
[-7.868496287810899, -4.091618069661649, 5.35057747571139, 8.812715842348197, 6.294797030248702, 7.239016584786015, -5.035837624198962, -3.147398515124351, 8.812715842348183, 7.553756436298457, -8.812715842348197, -2.832658663611909, 9.756935396885495, 7.553756436298443, -7.868496287810885, -5.035837624198962, 8.81271584234819, 5.980057178736267, -5.980057178736267, -4.0916180696616635]
[-11.584723728135856, -4.719702259610898, 8.152212993873377, 13.300979095267081, 7.723149152090571, 11.155659886353035, -9.010340677439004, -4.290638417828092, 11.584723728135856, 10.297532202787423, -12.87191525348426, -0.8581276835656411, 11.584723728135856, 10.297532202787437, -11.584723728135856, -3.0034468924796727, 12.871915253484275, 7.723149152090571, -7.723149152090571, -4.290638417828092]
[-8.319998042223858, -0.8319998042223915, 8.042664774149728, 9.151997846446243, -0.2773332680741305, 9.706664382594496, 0.8319998042223844, -3.8826657530377986, 0.2773332680741305, 10.53866418681688, -2.2186661445930227, -5.5466653614825745, 2.21866614459303, 10.53866418681688, -3.3279992168895376, -6.101331897630828, 2.495999412667153, 7.765331506075597, -1.9413328765188993, -5.269332093408444]
[-12.768026658972062, -1.418669628774694, 12.295136782713854, 14.659586164004992, 8.984907648906272, 17.496925421554323, -8.51201777264805, -8.51201777264805, 10.403577277680952, 18.915595050329003, -13.240916535230298, -8.039127896389829, 10.403577277680952, 18.44270517407078, -11.822246906455632, -10.403577277680952, 9.93068740142273, 13.713806411488527, -7.5662380201316, -8.984907648906287]
[-8.716292780057557, 0.0, 11.733471050077469, 10.05726090006641, 1.3409681200088386, 12.40395511008191, -7.710566690050911, -5.363872480035425, 9.051534810059763, 12.06871308007969, -10.057260900066403, -5.028630450033205, 9.05153481005977, 11.398229020075249, -8.716292780057543, -6.369598570042058, 8.381050750055337, 8.716292780057543, -6.369598570042051, -5.6991145100376315]
[-1.4736464221447996, -0.27630870415215014, 2.3025725346012536, 1.9341609290650492, 1.7763568394002505e-15, 1.7499551262969497, -1.1052348166086006, -0.9210290138405011, 2.210469633217203, 1.8420580276810004, -1.934160929065051, -1.01313191522455, 2.578881238753402, 2.3025725346012518, -2.1183667318331523, -1.2894406193767018, 2.3025725346012536, 1.7499551262969515, -1.4736464221448013, -1.2894406193767018]
[-1.4959198015999782, -0.16621331128888883, 2.0776663911110838, 1.7452397685333079, 0.0, 1.5790264572444208, -0.9141732120888761, -0.9141732120888744, 1.9945597354666376, 1.5790264572444208, -1.6621331128888635, -0.9141732120888761, 2.32698635804441, 1.911453079822195, -1.6621331128888652, -1.2465998346666467, 1.9945597354666358, 1.6621331128888652, -1.2465998346666485, -1.2465998346666485]
[-1.3482403050348672, -0.15861650647469006, 1.982706330933631, 1.5861650647469023, 0.07930825323734503, 1.586165064746904, -0.9516990388481439, -0.7930825323734503, 1.8240898244589392, 1.506856811509559, -1.586165064746904, -0.8723907856107971, 2.2206310906456643, 1.9033980776962842, -1.6654733179842491, -1.1896237985601754, 1.9033980776962824, 1.5861650647469032, -1.189623798560178, -1.1896237985601772]
[-1.182992451226749, -0.07393702820167292, 1.774488676840127, 1.5526775922351117, 0.0, 1.478740564033437, -0.8872443384200626, -0.8133073102183896, 1.7744886768401251, 1.4787405640334406, -1.4787405640334406, -0.8872443384200643, 2.070236789646817, 1.848425705041798, -1.6266146204367828, -1.1090554230250795, 1.8484257050417998, 1.4787405640334388, -1.1090554230250795, -1.0351183948234066]
[-0.30104229537175176, -0.07526057384293816, 0.48919372997909694, 0.39511801267542435, -0.018815143460734873, 0.39511801267542435, -0.22578172152881404, -0.18815143460734518, 0.4139331561361592, 0.3574877257539546, -0.3763028692146895, -0.1881514346073443, 0.5268240169005649, 0.432748299596893, -0.4139331561361581, -0.24459686498954847, 0.41393315613615833, 0.3763028692146897, -0.2822271519110171, -0.24459686498954847]
[-1.3010063842965494, -0.2602012768593056, 2.2550777327806824, 1.6479414201089604, 0.08673375895310365, 1.7346751790620623, -0.9540713484841348, -0.8673375895310311, 1.9948764559213732, 1.6479414201089604, -1.7346751790620623, -1.0408051074372402, 2.5152790096399933, 1.994876455921375, -1.8214089380151677, -1.214272625343444, 2.081610214874475, 1.734675179062064, -1.3010063842965476, -1.3010063842965476]
[-1.5855497073073437, -0.19819371341342062, 2.3783245609610155, 2.08103399084089, 0.09909685670670854, 1.9819371341341796, -1.1891622804805078, -0.9909685670670889, 2.3783245609610155, 1.882840277427471, -1.9819371341341796, -1.090065423773801, 2.6756151310811447, 2.3783245609610155, -2.1801308475475984, -1.3873559938939248, 2.3783245609610155, 1.9819371341341796, -1.4864528506006351, -1.3873559938939266]
[-0.9635431550934896, -0.1927086310186965, 1.6059052584891482, 1.2847242067913172, 0.0, 1.284724206791319, -0.7708345240747914, -0.6423621033956586, 1.541669048149581, 1.2204879964517525, -1.3489604171308853, -0.7065983137352241, 1.862850099847412, 1.4774328378100154, -1.41319662747045, -0.8993069447539224, 1.5416690481495818, 1.284724206791318, -0.9635431550934879, -0.9635431550934896]
[0.04319085231000486, 0.004319085231000552, -0.05398856538750607, -0.04103130969450475, -0.0021595426155002206, -0.04103130969450469, 0.030233596617003478, 0.017276340924001987, -0.0561481080030064, -0.038871767079004416, 0.04750993754100541, 0.02159542615500243, -0.06262673584950712, -0.04750993754100541, 0.049669480156505685, 0.025914511386002925, -0.05830765061850662, -0.038871767079004416, 0.03671222446350414, 0.030233596617003422]
[-0.04808962509210202, -0.005343291676900286, 0.06144785428435262, 0.053432916769002414, 0.008014937515350318, 0.04808962509210202, -0.03205975006140138, -0.026716458384501096, 0.07213443763815308, 0.04541797925365193, -0.061447854284352676, -0.02938810422295124, 0.08549266683040369, 0.061447854284352676, -0.06679114596125285, -0.03740304173830167, 0.07480608347660322, 0.04808962509210213, -0.04808962509210213, -0.03473139589985147]
[-0.2726712959080535, -0.03029681065645029, 0.18935506660281476, 0.24237448525160343, -0.06816782397701338, 0.1514840532822519, -0.07574202664112595, -0.07574202664112617, 0.1893550666028152, 0.20450347193104013, -0.13633564795402675, -0.10603883729757646, 0.17420666127458984, 0.2196518772592655, -0.13633564795402697, -0.1211872426258016, 0.1893550666028152, 0.16663245861047704, -0.08331622930523852, -0.10603883729757646]
[-0.21289227022062507, -0.04515896641043593, 0.16128202289441318, 0.20644098930484867, -0.05161024732621211, 0.1354768992313069, -0.07096409007354176, -0.06451280915776514, 0.15483074197863633, 0.1741845847259662, -0.11612305648397747, -0.0903179328208712, 0.15483074197863655, 0.1806358656417426, -0.11612305648397725, -0.10322049465242444, 0.17418458472596599, 0.14192818014708353, -0.07741537098931828, -0.09676921373664793]
[0.09683240438269758, 0.014240059468043853, -0.07404830923382766, -0.08828836870187129, 0.025632107042478758, -0.06550427355300137, 0.03132813082969632, 0.028480118936087484, -0.06265626165939253, -0.08544035680826267, 0.05126421408495763, 0.042720178404131226, -0.06265626165939253, -0.08544035680826256, 0.04841620219134879, 0.04556819029774006, -0.06550427355300137, -0.06265626165939253, 0.028480118936087484, 0.03987216651052261]
[-0.2939372325135228, -0.03359282657297369, 0.21835337272433097, 0.2603444059405482, -0.0923802730756782, 0.18476054615135706, -0.0755838597891918, -0.08398206643243489, 0.18476054615135706, 0.24354799265406135, -0.1427695129351394, -0.11757489300540902, 0.17636233950811353, 0.24354799265406157, -0.1343713062918961, -0.12597309964865255, 0.19315875279460037, 0.18476054615135729, -0.10077847971892195, -0.10917668636216549]
[0.2298701830868044, 0.03940631710059517, -0.1773284269526778, -0.2035993050197411, 0.07224491468442418, -0.14448982936884858, 0.06567719516765846, 0.06567719516765824, -0.14448982936884835, -0.19046386598620968, 0.10508351226825363, 0.09194807323472176, -0.13135439033531693, -0.19046386598620968, 0.10508351226825363, 0.10508351226825363, -0.15762526840238045, -0.13792210985208275, 0.06567719516765858, 0.08538035371795605]
[-0.03595678474402114, -0.005136683534860131, 0.027738091088244876, 0.03287477462310501, -0.012328040483664371, 0.02260140755338469, -0.009246030362748292, -0.011300703776692345, 0.02260140755338469, 0.030820101209160955, -0.01746472401852453, -0.015410050604580477, 0.02260140755338469, 0.028765427795216875, -0.015410050604580477, -0.016437387311552476, 0.024656080967328742, 0.020546734139440637, -0.010273367069720318, -0.013355377190636397]
[0.0970847849957418, 0.010787198332860237, -0.07281358874680643, -0.08360078707966656, 0.026967995832150593, -0.05663279124751619, 0.026967995832150593, 0.026967995832150482, -0.0620263904139462, -0.07551038833002144, 0.0458455929146559, 0.03505839458179566, -0.05393599166430102, -0.08090398749645161, 0.0458455929146559, 0.040451993748225834, -0.06202639041394625, -0.05932959083073108, 0.026967995832150482, 0.040451993748225834]
[0.5632898878525392, 0.09940409785633086, -0.44731844035348756, -0.5135878389243742, 0.16567349642721751, -0.34791434249715625, 0.16567349642721751, 0.16567349642721707, -0.3810490417826, -0.4638857899962088, 0.26507759428354793, 0.23194289499810417, -0.34791434249715625, -0.4804531396389309, 0.2816449439262696, 0.24851024464082627, -0.3810490417826, -0.3479143424971567, 0.16567349642721707, 0.21537554535538295]
[-0.2552162808141958, -0.04253604680236611, 0.19141221061064684, 0.22685891627928512, -0.07798275247100439, 0.15596550494200878, -0.06380407020354895, -0.07089341133727656, 0.15596550494200834, 0.19141221061064684, -0.12051879927337006, -0.09216143473845961, 0.15596550494200856, 0.19850155174437445, -0.12051879927337006, -0.09925077587218745, 0.1630548460757364, 0.14887616380828073, -0.07089341133727656, -0.09925077587218745]
[0.6191146619350647, 0.0910462738139799, -0.49164987859549303, -0.5462776428838798, 0.20030180239075612, -0.40060360478151225, 0.18209254762796023, 0.18209254762796023, -0.41881285954430814, -0.5098591333582885, 0.30955733096753235, 0.2367203119163479, -0.3823943500187159, -0.5098591333582885, 0.30955733096753235, 0.2731388214419397, -0.437022114307104, -0.3823943500187159, 0.20030180239075612, 0.2367203119163479]
