[0.6992682892340643, 0.05594146313872539, -0.44753170510980134, -0.6712975576647011, -0.13985365784681303, -0.531443899817889, 0.11188292627745078, 0.2517365841242629, -0.5034731682485258, -0.7552097523727888, -0.5034731682485258, -0.4195609735404382, 1.1467999943438638, -0.783180483942151, -0.5034731682485258, -0.4195609735404382, 1.31462438376004, -0.6712975576647011, -0.4195609735404391, -0.3915902419710755]
[0.9645630885541241, 0.07419716065800941, -0.5193801246060676, -0.9274645082251194, -0.1854929016450253, -0.6677744459220847, 0.07419716065800941, 0.29678864263203764, -0.6306758655930818, -0.9274645082251194, -0.6306758655930818, -0.5564787049350723, 1.4839432131601917, -1.0387602492121335, -0.7048730262510912, -0.5193801246060676, 1.7065346951342208, -0.9274645082251203, -0.5564787049350723, -0.44518296394805645]
[0.7120523854711678, 0.11867539757852619, -0.44503274091947986, -0.741721234865798, -0.14834424697315995, -0.5933769878926398, 0.11867539757852796, 0.2670196445516879, -0.5340392891033758, -0.7713900842604318, -0.47470159031411097, -0.47470159031411185, 1.2164228251799107, -0.8900654818389588, -0.5043704397087438, -0.4747015903141114, 1.4241047709423342, -0.7417212348657989, -0.4450327409194794, -0.38569504213021544]
[0.9484080521644334, 0.07025244830847654, -0.4917671381593358, -0.8430293797017185, -0.2458835690796679, -0.7025244830847654, 0.1405048966169531, 0.31613601738814445, -0.5971458106220506, -0.9132818280101951, -0.5971458106220506, -0.4917671381593358, 1.3347965178610544, -0.9484080521644334, -0.6322720347762889, -0.4917671381593358, 1.5806800869407223, -0.8430293797017185, -0.4917671381593358, -0.45664091400509754]
[0.9646517001544019, 0.07420397693495318, -0.5565298270121541, -0.8533457347519704, -0.25971391927233967, -0.7420397693495424, 0.14840795386990902, 0.33391789620729373, -0.6678357924145875, -0.9646517001544028, -0.5936318154796316, -0.5936318154796325, 1.5211815271665579, -1.0388556770893569, -0.6307338039471091, -0.5936318154796325, 1.669589481036466, -0.8533457347519722, -0.5194278385446776, -0.48232585007720186]
[0.9495701628357729, 0.11394841954029289, -0.5697420977014627, -0.9495701628357729, -0.22789683908058578, -0.7216733237551871, 0.15193122605372444, 0.37982806513430845, -0.7216733237551862, -0.9875529693492036, -0.645707710728324, -0.6077249042148942, 1.5572950670506653, -1.0255357758626342, -0.6836905172417556, -0.531759291188032, 1.709226293104389, -0.8736045498089098, -0.49377648467460133, -0.4557936781611698]
[0.9588481005984573, 0.11506177207181523, -0.49860101231119813, -0.9972020246223945, -0.23012354414362868, -0.7670784804787658, 0.19176962011969145, 0.42189316426332013, -0.7670784804787649, -0.9588481005984573, -0.6903706324308887, -0.5753088603590735, 1.5341569609575307, -1.0355559486463335, -0.6903706324308887, -0.5369549363351345, 1.6875726570532823, -0.843786328526642, -0.5369549363351354, -0.42189316426332013]
[0.8646544887567345, 0.10375853865080842, -0.5533788728043092, -0.8300683092064673, -0.20751707730161506, -0.69172359100539, 0.17293089775134796, 0.31127561595242526, -0.6225512319048496, -0.9338268478572749, -0.553378872804311, -0.5533788728043101, 1.4526195411113152, -0.9684130274075429, -0.5879650523545799, -0.5187926932540421, 1.5563780797621245, -0.7954821296561967, -0.44962033415350255, -0.4150341546032337]
[0.9986283860829719, 0.11522635224034339, -0.5761317612017152, -0.9602196020028586, -0.23045270448068678, -0.768175681602286, 0.19204392040057083, 0.3072702726409151, -0.6529493293619435, -0.9986283860829728, -0.6529493293619444, -0.5761317612017143, 1.574760147284688, -1.075445954243202, -0.6913581134420586, -0.5761317612017143, 1.7668040676852597, -0.8834020338426303, -0.5377229771216001, -0.4224966248812585]
[0.9798656297776578, 0.11758387557331851, -0.5487247526754881, -1.0190602549687622, -0.2351677511466388, -0.744697878631019, 0.19597312595553085, 0.39194625191106347, -0.7446978786310199, -1.019060254968763, -0.7055032534399128, -0.5879193778665943, 1.6069796328353574, -1.0974495053509754, -0.6663086282488067, -0.5487247526754881, 1.763758133599783, -0.9014763793954454, -0.5095301274843811, -0.43114087710216875]
[-3.448316982406155, 2.413821887684307, 1.0344950947218479, 4.827643775368614, 12.758772834902771, 3.4483169824061406, -4.827643775368614, -5.862138870090462, 14.827763024346467, 10.000119248977853, 5.862138870090455, 4.827643775368614, -15.862258119068308, 12.069109438421535, 6.551802266571691, 5.517307171849843, -21.724396989158762, 11.724277740180924, 8.275960757774769, 6.8966339648123025]
[-5.04868784662213, 0.7767212071726419, 6.213769657381079, 8.543933278899004, 5.825409053794772, 7.3788514681400414, -4.271966639449502, -5.825409053794772, 11.650818107589544, 12.427539314762186, 7.767212071726355, 6.990490864553728, -20.971472593661176, 13.980981729107448, 8.543933278898997, 7.3788514681400486, -27.18524225104226, 13.980981729107448, 8.543933278898997, 8.155572675312676]
[-6.375770458613189, -1.0626284097688625, 2.4794662894606745, 7.79260833830503, 7.7926083383050155, 4.604723108998414, -3.187885229306602, -4.6047231089983995, 10.980493567611603, 10.626284097688668, 7.0841893984591024, 7.0841893984591096, -19.481520845762553, 12.397331447303443, 8.146817808227972, 6.729979928536153, -24.440453424683916, 12.04312197738048, 8.146817808227972, 7.438398868382059]
[-4.477807176863777, 0.6888934118252052, 3.4444670591259836, 7.922274235989761, 8.26672094190235, 6.200040706426776, -3.7889137650385862, -5.1667005886889825, 10.333401177377965, 10.677847883290553, 6.5444874123393575, 5.855594000514174, -18.255675413367705, 12.055634706940936, 7.922274235989754, 6.544487412339372, -24.111269413881885, 12.05563470694095, 7.922274235989761, 7.233380824164556]
[-3.0461365287801243, 1.9038353304875812, 5.330738925365196, 8.376875454145335, 4.569204793170172, 6.473040123657739, -3.0461365287801243, -4.949971859267691, 10.280710784632902, 11.80377904902295, 7.615341321950304, 6.473040123657746, -20.18065450316827, 13.707614379510517, 9.138409586340352, 7.2345742558527775, -27.415228759021055, 13.707614379510531, 8.757642520242833, 7.6153413219502895]
[-3.3905466485906857, 2.71243731887256, 5.7639293026041685, 8.4763666214767, 2.71243731887256, 6.442038632322294, -2.0343279891544057, -3.3905466485906857, 6.4420386323223084, 10.849749275490197, 6.442038632322301, 6.1029839674632385, -18.64800656724878, 12.20596793492647, 7.798257291758581, 6.442038632322301, -24.41193586985294, 11.8669132700674, 7.798257291758581, 7.459202626899511]
[-2.1494924401965534, 0.9553299734206888, 3.104822413617228, 5.493147347168971, 0.0, 3.821319893682748, 0.9553299734206888, -0.7164974800655202, 1.1941624667758646, 6.20964482723447, 3.8213198936827553, 3.104822413617235, -9.553299734206881, 7.403807294010335, 4.537817373748268, 3.3436549069724038, -12.658122147824116, 7.164974800655159, 4.776649867103444, 4.060152387037924]
[-5.343804556813339, 0.8906340928022161, 2.6719022784066766, 7.570389788818915, 17.81268185604452, 7.125072742417785, -8.46102388162113, -8.01570683522003, 19.14863299524785, 16.03141367044006, 9.351657974423368, 10.242292067225591, -29.836242108874565, 17.81268185604452, 11.57824320642893, 10.687609113626706, -38.74258303689681, 16.92204776324229, 11.57824320642893, 11.132926160027814]
[-2.1366340513593087, 0.9496151339374705, 3.5610567522655288, 5.935094587109205, 0.9496151339374777, 4.035864319234264, 0.0, -1.1870189174218453, 1.8992302678749482, 6.647305937562315, 4.748075669687374, 3.7984605357498964, -11.632785390734057, 7.8343248549841675, 4.748075669687367, 4.035864319234264, -14.71903457603085, 7.596921071499793, 4.985479453171735, 4.273268102718639]
[-3.6146577821360495, 2.008143212297796, 6.0244296368934585, 8.835830134110395, 6.024429636893444, 7.229315564272156, -3.614657782136078, -5.622800994433888, 11.245601988867776, 13.253745201165586, 8.434201491650832, 7.229315564272142, -23.29446126265467, 15.26188841346341, 9.639087419029522, 7.630944206731698, -30.12214818446725, 14.458631128544283, 9.237458776569952, 8.835830134110395]
[-2.694004250638258, -0.16837526566489203, 2.525628984973366, 4.546132172952063, 1.010251593989345, 2.862379516303143, -1.010251593989345, -1.515377390984014, 3.367505313297812, 3.872631110292499, 2.6940042506382547, 2.694004250638258, -6.9033858922605305, 4.88288270428184, 3.030754781968035, 3.0307547819680387, -9.429014877233897, 3.8726311102924917, 2.1888784536435857, 2.0205031879786937]
[-2.464751295210668, -0.14498537030651448, 2.3197659249041607, 3.9146049982757702, 0.8699122218390585, 2.1747805545976497, -1.1598829624520768, -1.1598829624520803, 3.1896781467432156, 3.4796488873562375, 2.029795184291139, 2.029795184291139, -5.509444071647376, 4.059590368582274, 2.75472203582369, 2.1747805545976497, -7.6842246262450224, 3.3346635170497265, 1.8848098139846279, 1.7398244436781205]
[-2.806609448641332, -0.16509467344948803, 2.476420101742349, 4.292461509686746, 1.1556627141464304, 2.806609448641325, -1.3207573875959184, -1.4858520610454065, 3.6320828158887792, 3.9622721627877553, 2.476420101742349, 2.146230754843373, -6.27359759108062, 4.787745530035206, 3.1367987955403116, 2.4764201017423524, -8.750017692822972, 3.797177489338271, 2.1462307548433692, 2.1462307548433692]
[-2.7434966618161667, -0.1613821565774174, 2.582114505238742, 4.195936071012959, 1.1296750960419502, 2.4207323486613177, -1.1296750960419502, -1.452439409196792, 3.7117896012806924, 3.711789601280696, 2.4207323486613213, 2.2593501920839003, -6.2939041065194345, 4.8414646973226425, 2.904878818393584, 2.7434966618161667, -8.87601861175818, 3.7117896012806924, 2.2593501920839003, 1.7752037223516375]
[-2.5939794434354013, -0.1621237152147117, 2.4318557282206825, 4.377340310797251, 0.9727422912882844, 2.4318557282206896, -1.134866006502996, -1.4591134369324124, 3.7288454499383974, 3.7288454499383974, 2.4318557282206896, 2.4318557282206967, -6.4849486085885175, 4.701587741226675, 2.918226873864832, 2.7561031586501166, -8.754680621594492, 3.5667217347236786, 2.1076082977912662, 1.945484582576558]
[-2.9128916921844734, -0.16182731623246838, 2.427409743487061, 4.207510222044235, 1.2946185298597612, 2.427409743487061, -1.2946185298597612, -1.2946185298597683, 3.560200957114354, 3.883855589579298, 2.4274097434870576, 2.427409743487061, -6.473092649298827, 4.5311648545091785, 2.91289169218447, 2.751064375952005, -8.738675076553417, 3.722028273346826, 2.1037551110221173, 2.1037551110221173]
[-2.58426837781672, -0.3230335472270838, 2.422751604203171, 4.19943611395216, 1.1306174152948216, 2.584268377816713, -0.9691006416812655, -1.2921341889083635, 3.2303354722709017, 3.8764025667250763, 2.422751604203171, 2.58426837781672, -6.460670944541796, 4.522469661179258, 2.9073019250438037, 2.58426837781672, -8.560389001517876, 3.7148857931115273, 2.099718056976087, 1.7766845097489927]
[-3.0902153486738797, -0.1626429130880922, 2.6022866094095747, 4.0660728272024755, 1.4637862177928866, 2.4396436963214825, -1.138500391616688, -1.4637862177928866, 3.5781440879381705, 3.9034299141143727, 2.4396436963214825, 2.439643696321486, -6.343073610435859, 4.55400156646677, 3.090215348673876, 2.439643696321486, -8.620074393669238, 3.74078700102627, 2.1143578701452874, 1.7890720439690888]
[-2.864511124518863, -0.16850065438346462, 2.6960104701354055, 4.381017013970023, 1.0110039263007735, 2.6960104701354055, -1.1795045806842381, -1.5165058894511674, 3.707014396436179, 4.044015705203108, 2.527509815751941, 2.696010470135402, -6.74002617533851, 4.71801832273696, 3.0330117789023276, 2.864511124518863, -9.267535991090448, 3.8755150508196436, 2.3590091613684763, 2.022007852601554]
[-2.78701321343015, -0.16394195373118947, 2.6230712596989676, 4.262490797010827, 1.1475936761182908, 2.6230712596989747, -1.147593676118305, -1.3115356298494802, 3.4427810283548936, 3.7706649358172655, 2.6230712596989676, 2.6230712596989676, -6.885562056709787, 4.754316658204374, 3.1148971208925254, 2.6230712596989676, -8.852865501484015, 3.6067229820860796, 2.2951873522365993, 1.967303444774224]
