[-34.75369240446496, -29.77199879266906, -23.40660716211238, -19.844423775076166, 49.06868723455275, -30.122854001317855, -17.397433870259334, -14.950443965442474, 71.10232263801396, -31.098432085211712, 17.046578661610532, 12.503454060625621, 10.804713039214917, -29.0953743212607, 17.046578661610525, 9.565993548834456, 9.782596489212551, -23.401244032057562, 10.23725489018802, 8.987809139697923]
[-26.683138425196596, -28.22345542325195, -22.04398868865715, -19.987199567521145, 46.29088035988917, -25.37135355171192, -15.348049830981694, -16.03364620469371, 67.06429330662758, -24.347508676737263, 14.822478336714283, 8.533295225427537, 11.18416308595701, -24.118976552166615, 13.848941964492283, 8.076230976286183, 11.353287336588352, -21.82455593527321, 6.865063108306799, 9.735363722220214]
[-25.166277142514076, -29.25846256273715, -22.50287653564638, -19.317180904153844, 46.95268963369257, -23.271266063857638, -14.676737717434222, -13.839298058963351, 61.60346460925511, -22.59788940777767, 14.58172484530293, 7.757088687952546, 11.13281006370768, -22.446807776322586, 12.755763896906103, 8.443446714968331, 12.72565787945397, -21.225173353746094, 6.069228000074958, 8.896691609333587]
[-26.653954883720466, -29.20533365101923, -22.38073948036032, -19.677547537526365, 47.764435314637666, -27.10939441032606, -16.789235262370227, -15.674651328449585, 69.08248256625157, -27.17600872390011, 15.45622383934041, 9.357388389570481, 12.801061661693275, -26.635370335333292, 15.185904645056993, 8.12429843690171, 11.956796922056085, -22.750980145004746, 8.328003317611092, 8.664936825468502]
[-32.68052880874268, -29.32173852609985, -23.738921581459948, -20.816755590424478, 51.612101100699135, -31.197844367411264, -16.771201123566897, -15.811546757097531, 72.83135554826026, -32.00513976935147, 16.225420759057698, 11.765992290239936, 13.751254204453176, -29.399066852197933, 16.705247942292388, 9.530590483419246, 11.886523507965343, -25.1897782759876, 9.628371411497511, 9.476012446968326]
[-38.40431792849884, -27.425979978059786, -23.100467106780876, -20.260607728876735, 44.01880540225467, -29.345706094046378, -16.67129997160592, -14.975231799604543, 73.92953920538801, -30.71315524393435, 15.159159947514006, 10.163165766649719, 17.710130099380486, -27.939019670452886, 16.447642027620724, 9.689855870332352, 12.898064066425654, -21.023299373601986, 10.084198696868448, 9.216545974014991]
[-30.272953828287374, -28.89734608548318, -22.561027858039935, -18.617904269090516, 51.69386001273429, -31.073811518389192, -16.667546473583997, -15.602862364052143, 75.57870918383037, -32.31750605147834, 13.95873898591205, 10.948386296779475, 18.49068027528132, -29.702892991490856, 13.737320564418383, 8.333773236792013, 17.647414587243084, -26.155509031686513, 7.754333968183829, 9.75178897753257]
[-31.214472564579246, -29.23114853609946, -23.39175524782209, -19.064230982484048, 50.65265454628609, -28.700387875465893, -16.286774091309894, -14.26525171160543, 72.21387917052712, -29.341727333261503, 14.040077860769344, 11.487794820431297, 17.399568554645995, -27.65997385806714, 12.736291641309805, 9.806041345236949, 17.059799650135872, -23.994896354392992, 6.765212252002065, 8.332370673522355]
[-30.22649728971416, -28.647946610299705, -23.4053771468773, -19.24012585980347, 52.7620610045539, -28.932199498865586, -16.08112952693685, -15.650960246012502, 74.08954994298871, -31.156004099666532, 13.356092423070088, 11.917773213900809, 18.087954513237865, -29.145389165289988, 13.35609242307008, 9.907158279524282, 17.657785232313504, -25.341138911036825, 7.468269038261148, 8.399670822251295]
[-31.49517844211303, -28.00789301216342, -23.30365039629703, -19.748480156780147, 54.40542823533953, -30.508035731466165, -17.342382293612758, -16.085356806794834, 75.84440278290928, -32.84624878506631, 13.869005117996181, 10.935393494721708, 19.61271053764562, -31.413385378212716, 14.612425099040081, 8.299481156284415, 18.07189402032361, -26.723051016679392, 8.597180441121587, 9.732344563138014]
[-28.238235196152957, -27.24588920209022, -22.79732216281986, -19.271124354288162, 35.3192835411157, -24.20420159670254, -15.72160095798175, -13.462329056684553, 61.111642133773856, -25.681057793909304, 17.26310677838798, 10.765198127792694, 7.104373932737452, -23.05390362834156, 18.16215042135193, 10.788523715567393, 4.845102031440227, -19.895588084080373, 11.938821683928374, 8.990436429639487]
[-28.260244457374448, -27.232992257027888, -23.693617412118563, -18.384555144754557, 35.47411783078523, -25.123733554434565, -15.745847176530233, -12.577689942674994, 61.21370128366637, -27.083298962381548, 18.09973816651609, 10.31019958550472, 8.146186581011193, -23.141060175502773, 18.099738166516083, 10.373492247335498, 5.412539620040718, -20.43905954544769, 11.455498749582247, 9.907335643535276]
[-29.190133321572326, -27.21619325766978, -22.356709201315816, -19.260479609094745, 35.668644209186496, -25.149070817353916, -16.678803592826256, -12.165324632609185, 63.146568323085326, -26.734868665165642, 17.117991065376486, 9.88751659252366, 8.326039591654926, -24.58347198494191, 18.02068685741989, 10.83234950452102, 6.4785108876141635, -21.402968152813003, 11.828227672977768, 9.026957920434171]
[-28.233162447061574, -28.147448631161986, -22.35965299677131, -18.807822662057788, 34.845291931345855, -25.99719714738444, -15.716042459664607, -12.55997689534675, 62.42554816031298, -25.22709606056798, 17.277673087272404, 9.425339785003786, 7.970851427270489, -23.932659479506484, 17.737723219592766, 9.885389917324147, 7.050751162629751, -20.776593915188627, 11.051255774536273, 9.885389917324162]
[-27.75520977034308, -28.60735716791806, -22.360506343731352, -18.793393542777935, 35.047958582903476, -26.40653391369014, -15.678774975720884, -13.433917496311409, 63.61128152563998, -25.56319336115145, 17.374262925834543, 10.30168523918178, 7.301555657596708, -24.240938039607443, 17.826757159730946, 9.857997850321667, 6.396567189803889, -20.20371731468498, 11.127412101647849, 9.85799785032168]
[-28.7022628388158, -28.581279740088327, -22.359370571625895, -19.248415987394623, 35.77302330648595, -26.004620398373405, -15.724149259374585, -13.464015582466516, 62.92079365724387, -26.587308880380668, 17.256414735802423, 10.766373142024115, 7.1191537071611535, -23.063042152360637, 18.155628882616575, 9.453846851421147, 6.195742940601519, -19.9036943286384, 11.933719714154115, 8.992141468141327]
[-29.18128930994729, -28.12345924709824, -22.357289309593888, -19.258418994910826, 36.04097144833975, -25.141402139890374, -16.66899484373971, -12.59016993785771, 62.636092204901956, -26.23816993856451, 17.14275886921267, 10.786011698760191, 7.800698993766275, -24.550824906942182, 17.6132672968996, 10.82494943458525, 5.526032326981827, -19.608858617336494, 11.415526667533427, 9.020791195487703]
[-30.059625816369206, -27.66878178314319, -22.358531061994164, -19.253135261639216, 35.89684568940872, -26.022690951048133, -16.64450717917269, -12.141802781368582, 63.00686338385286, -25.742910530996994, 16.76929667219723, 9.874951489763824, 7.669299817566511, -24.469594675169056, 17.66983755175805, 10.806490554729976, 6.3029894055226094, -20.43265980984799, 11.459045951048203, 9.905949675169154]
[-29.22937288606891, -27.19204664492954, -22.834545946048948, -18.844873941305508, 35.511155048864154, -26.088560562517983, -15.817263910672736, -13.525311268314283, 64.65554745739776, -26.852597281868597, 17.00557295492618, 11.233358625955866, 7.243844136905871, -24.73044807888735, 17.48660394198148, 10.38449894476338, 7.611672831043073, -21.53303460887738, 10.837150600742447, 10.38449894476338]
[-29.716781564643604, -27.61233016507122, -23.258842966592432, -18.846798264858677, 34.64210909926015, -25.66981657885175, -15.822780227225522, -12.199452460630553, 62.92604119296021, -25.115329656732882, 16.99031157471822, 10.387788577333076, 7.27774364362088, -23.902975502397204, 17.472506297170092, 10.86998329978492, 6.736991417914034, -21.126922174195997, 11.307355215393834, 10.387788577333055]
[2.2850525480836836, 17.28412769228197, 20.881451278913516, 17.28412769228197, -41.34637770751259, 31.225548944691397, 21.753686284295213, 18.858852938539385, -63.068715748005516, 25.79888296504346, -13.50138521924329, -10.351934726728473, 5.773992569610513, 19.74676206582224, -13.941421252409441, -9.124536070433635, 10.513842430283916, 12.814569100268727, -10.521679491234465, -8.946954244977064]
[3.062118381508867, 18.80411385542388, 22.70057056435806, 18.578057292341498, -48.43047393348492, 35.224279018585975, 21.656568462220406, 18.960282493602122, -66.46582061496359, 30.929204320021128, -12.90593365548851, -11.689370126802572, 3.407241234605422, 24.336461642468663, -14.402048883790883, -9.289028646170763, 7.147529305361374, 17.221717913847343, -10.57548009976081, -8.993084158184274]
[3.042321791253272, 13.78300802348798, 18.142594000025397, 14.451028508452978, -23.226530815465424, 27.028109094150963, 18.457827457862024, 16.936666562235416, -55.039472131103594, 20.33177538061703, -15.711962339799541, -10.31411602690389, 12.53952701640624, 15.879629441231302, -15.174055386974558, -7.605804478133152, 11.68638660574463, 12.503297407495538, -11.055919690071335, -8.792955131277267]
[-0.8111297453128543, 11.032901689447243, 13.056347872465892, 11.172468160596182, -2.3025791253165124, 19.239983811089942, 13.187157983087886, 11.30327827121819, -40.093470752278634, 4.849265750823179, -14.530284531415674, -6.528173936232946, 15.742600969121497, -0.19621516593302601, -12.580999764234988, -5.2504524432161475, 16.954917406827292, -0.4665917477039585, -8.2070821216427, -4.9800758614451865]
[-2.2324739912939435, 10.228413800818714, 13.759405627755655, 13.110146709934128, -5.970057835120031, 19.427385959635913, 13.64829909721702, 11.415825105923062, -39.773107030734735, 11.131127868093571, -14.58225525286798, -10.497489994460167, 16.038742751613768, 3.911174551116943, -13.394843947763633, -7.869212234798084, 16.688001669435224, 1.5519729850963415, -10.244034845006794, -7.346680891703301]
[5.255471768237186, 12.983496131990705, 13.975051354327377, 11.22495493249798, -19.38196595637166, 26.29751067142699, 16.20288287442213, 14.689062750350942, -51.16699855080677, 19.838585356323136, -12.758926886810144, -8.197314684355575, 7.278885873392397, 16.42745211960269, -12.236661985075585, -5.969483164260794, 6.89539288481437, 13.399811871460273, -8.442035759777099, -6.491748065995353]
[2.3118198181734044, 12.653284004226265, 16.444692653581, 13.793838125476015, -24.95247935506356, 27.541307043061522, 17.276923640573074, 14.96510382239967, -53.00203661864289, 19.89706659300417, -10.942452822351669, -9.509233199060802, 6.996882605868066, 17.092050497770316, -11.435649099412117, -8.183805935008294, 7.567159666492927, 11.975214584363059, -8.784794571307103, -7.197413380887397]
[2.14599577623369, 12.85904193044081, 17.240656619491972, 12.304370383976732, -26.127374588100423, 29.724273276636325, 18.17075343925248, 16.865231346195515, -55.352734000934134, 23.21359553831269, -14.013196591660858, -10.20318617603499, 10.320688153949519, 16.551550368152164, -13.548148181780604, -6.617233601868648, 9.34577976589712, 12.67979565727316, -9.917384039322343, -7.967567263217504]
[-0.279911794214712, 13.62130942471984, 18.121834540481203, 13.257081174509807, -18.233113422705216, 23.812842075982317, 17.28209915783708, 14.594260097914123, -49.06066074447862, 14.740956601578645, -15.469413101998711, -7.832504220109044, 12.550561082415896, 10.338229154926992, -14.545361263359283, -5.655589914060627, 11.164483324456725, 6.9084523814696155, -10.422545610922313, -5.1446651601860935]
[4.940057108968631, 15.85787223233639, 17.363151259617766, 15.137166232231777, -33.88020269502162, 30.931171437495962, 19.589136287003754, 18.444210259774678, -61.56585690201182, 25.165523436659115, -14.01274913734838, -10.621329150387595, 7.291435960463929, 20.8617963683772, -14.945565151015245, -8.034991122949307, 8.648472001255271, 15.201033259303955, -10.133242096190955, -9.116050123106206]
