[5.3693378936035, 21.425400233629404, 14.917197378076025, 7.933796605780344, 10.61302970156352, 25.70500299518895, 17.645560303765137, 13.690944458351446, -57.317364843545484, 29.809829841199104, 20.07350122826133, 15.968674382251201, -72.89822926682906, 8.209653692020268, -16.894505300782868, -12.401868495805118, 11.074534405390011, 4.705670848395954, -13.778332416126176, -10.574771573694733]
[6.070753611934919, 21.589350158105105, 15.275614666336622, 8.481605490755527, 9.709791733583273, 26.676796098997244, 18.673567600102913, 14.550462410739001, -59.42244911797795, 30.072852340812062, 20.129562187152544, 16.249438877622147, -73.00667408523725, 8.246210378727838, -17.458658200935346, -12.367418876140306, 10.174891881784305, 3.397952933766277, -13.33555301157142, -9.214344514158995]
[3.9779435752342067, 19.973304422561824, 14.260136655023032, 8.302334397701287, 11.172587939765037, 26.6650101492324, 18.72734920982313, 15.62613083627079, -60.77841225830815, 29.64163300151087, 19.968747869797028, 15.875321878818525, -72.0664826138175, 9.67288513171384, -17.2367595073015, -12.524912462718447, 8.54696888748424, 5.334824650952399, -14.135541133749157, -10.415901706592251]
[3.783755683252224, 21.062400934914024, 14.12725490524619, 7.850170497006047, 10.795990566693234, 26.707120006317524, 18.461068902678107, 14.338043350858406, -58.93047766108331, 28.88687514732902, 20.142158298692024, 16.25561747707556, -71.7468274923579, 5.82981123242466, -17.751614712068317, -11.921803479643643, 12.523254363005435, 1.9175741262171755, -13.155619699842077, -9.742048338632173]
[3.783755683252224, 21.062400934914024, 14.12725490524619, 7.850170497006047, 10.795990566693234, 26.707120006317524, 18.461068902678107, 14.338043350858406, -58.93047766108331, 28.88687514732902, 20.142158298692024, 16.25561747707556, -71.7468274923579, 5.82981123242466, -17.751614712068317, -11.921803479643643, 12.523254363005435, 1.9175741262171755, -13.155619699842077, -9.742048338632173]
[5.835843982158167, 19.226588295219898, 12.223575516630092, 0.40552569661772964, 22.92293332134811, 23.458040938426677, 16.843773921219338, 13.97432871127755, -52.91413613765857, 23.085143599995206, 18.302734916758894, 15.514394846140632, -61.27915634951336, -5.236411160991338, -16.341294662327073, -12.434262576414454, 23.896194993230637, -8.186961510256651, -13.180057253277369, -8.02475123160957]
[6.800560098296643, 24.361166416797346, 14.87304983197862, 0.4239765451283972, 16.394896250396656, 24.785142961925743, 16.77067314894235, 14.593672226598287, -54.98377826936239, 23.5328538747722, 18.66829646590611, 15.28720610299117, -61.92893730740716, -3.9398455736755693, -18.533517800273856, -11.954315386658948, 25.35371844680222, -11.029603551468398, -13.437782432610163, -6.858580018995241]
[5.031606927008369, 24.715878857846207, 17.02498700432531, 3.485522804025109, 11.032933194537648, 25.847624576858777, 17.63600268732531, 15.812228096066946, -59.61063565949265, 28.81241734487132, 20.22354688233368, 16.117735937566934, -71.24531207928868, 8.894378304037659, -18.848761595583667, -13.377437821808584, 11.310623662812773, 6.540601219025106, -13.90744031556278, -11.248155389050197]
[6.673707761604163, 22.997994044362855, 18.458736773695833, 14.02951533983952, -0.42121013430657683, 27.63782054537245, 18.593914918092175, 15.472399407677422, -61.147746592439134, 31.58608062328281, 19.90162084153374, 17.92749080257856, -75.7682591250353, 10.030970646757865, -18.112953562146203, -12.350883897262676, 9.30479530960487, 3.76279731834272, -14.831117599749462, -10.376753858307524]
[5.453661449687161, 21.484978300177602, 14.079815527605263, 11.033889165094479, 10.13199349741592, 26.783037874799703, 17.782396913891432, 14.636259921638576, -59.33883283695376, 30.686040520569975, 21.147418914069405, 16.268665606856544, -76.04526845966056, 14.855144929563707, -15.931106220748347, -12.465873590828323, 0.9388231645606027, 9.876180992608766, -13.54183488201295, -10.295487260018035]
[5.380949314686774, 26.066313602043834, 24.84160125368342, 19.952483132865552, -11.536702074231727, 36.12003551296243, 23.427492507690985, 19.167948415383535, -79.19008977557571, 40.414015313930236, 28.385482045829576, 21.996165907368372, -98.37525604528943, 12.813067985582705, -24.16037366218248, -17.072612077890142, 15.166672138028787, 7.087761584292309, -19.202384124043903, -11.398959239590312]
[2.904572057025689, 26.66946247077584, 26.363315059612717, 21.548937345784537, -16.084953470490746, 38.36067188870237, 23.535917913548445, 20.70852076748416, -81.38307315776511, 41.26439320150055, 28.502943960844362, 22.84814966871585, -99.22603469581807, 14.327796147156079, -26.401477142979644, -16.467425048387753, 16.199439720591585, 7.144817031894576, -20.058914606018504, -12.914097574123957]
[4.220929848673848, 28.276117397987974, 25.463973239359888, 19.104763956349146, -11.334055372560996, 35.36210681455812, 23.341975469413214, 19.805764787957415, -78.49085179680684, 41.02031526596059, 27.58325739857483, 21.926405752538223, -97.5847613102292, 12.733343425045803, -25.463973239359888, -16.270910911867446, 16.28854938162351, 5.656851646036614, -19.807121593323245, -12.734700230411647]
[5.639943506435856, 27.569828495620072, 24.75605668926292, 19.102586026039916, -9.915273474652935, 35.35983687988602, 23.340716313092372, 19.09694971071194, -77.78284848383761, 39.60473074533205, 26.875685464321933, 21.92537593692184, -96.87754366841837, 12.733554333272508, -25.463726877348194, -16.97619367258733, 17.697391017459722, 5.657979715485396, -19.805747161862826, -12.73355433327248]
[4.92008970696304, 27.41192836736542, 24.6004485348152, 18.977488869714534, -9.84017941392608, 35.14349790687882, 22.491838660402408, 18.977488869714563, -75.9099554788582, 39.360717655704235, 26.709058409227907, 21.78896870226484, -96.2931842648479, 13.354529204613925, -26.70905840922785, -17.571748953439425, 19.68035882785213, 4.92008970696304, -20.38322878598973, -11.948789288338759]
[4.224690559981212, 27.460488639877696, 23.939913173226728, 19.011107519915356, -9.153496213292556, 34.50163957317969, 23.23579807989651, 19.011107519915356, -77.45266026632177, 39.43044522649109, 26.05225845321732, 21.82756789323612, -95.05553759957668, 12.674071679943552, -26.05225845321735, -16.194647146594548, 17.602877333254952, 4.9288056533114, -19.715222613245544, -12.674071679943552]
[5.576291764863157, 27.184422353707845, 24.396276471276252, 18.12294823580524, -9.061474117902634, 34.85182353039468, 23.002203530060484, 19.51702117702102, -76.67401176686828, 39.03404235404203, 26.487385883099947, 21.608130588844702, -95.4939964732814, 11.84962000033417, -25.093312941884165, -16.728875294589443, 18.122948235805268, 5.576291764863129, -20.21405764762892, -12.546656470942082]
[5.460297639875904, 26.61895099439502, 23.888802174457055, 19.11104173956565, -9.555520869782839, 34.12686024922439, 21.841190559503616, 19.793578944550134, -76.44416695826261, 39.58715788910028, 25.936413789410537, 21.8411905595036, -94.1901342878593, 12.285669689720777, -24.571339379441554, -16.380892919627712, 17.06343012461221, 4.777760434891377, -19.11104173956562, -11.603132484736307]
[6.905844658087489, 26.9327941665413, 24.170456303306253, 18.64578057683626, -8.97759805551378, 33.838638824628816, 22.789287371688744, 19.336365042645028, -76.65487570477133, 38.67273008529004, 26.93279416654127, 21.40811844007127, -94.61007181579885, 12.430520384557525, -24.86104076911502, -17.264611645218764, 17.955196111027504, 4.834091260661268, -20.026949508453782, -11.739935918748756]
[6.177000287837075, 26.767001247293877, 24.021667786032992, 19.217334228826417, -10.29500047972843, 34.31666826576142, 21.9626676900873, 19.217334228826402, -74.8103368193599, 37.74833509233757, 26.76700124729392, 21.27633432477208, -94.0276710481863, 12.354000575674121, -24.708001151348242, -16.472000767565476, 17.158334132880725, 5.490666922521825, -19.217334228826417, -12.354000575674092]
[6.970261928919598, 22.304838172542702, 17.42565482229898, 8.364314314703506, 9.061340507595503, 28.57807390857033, 18.12268101519095, 15.334576243623104, -61.338304974492445, 30.669152487246237, 23.001864365434656, 19.51673340097487, -80.85503837546733, 9.061340507595503, -20.910785786758822, -16.031602436515044, 14.637550050731164, 0.0, -13.940523857839196, -10.455392893379383]
[9.102946885198435, 21.86143096341209, 19.829505774903907, 8.546516084370467, 8.434150995743266, 29.009065220530005, 16.985774584142263, 15.576677748832694, -60.790356575422535, 31.127817977522852, 23.342032855120763, 19.109634845163598, -81.29376574381016, 8.480118531999864, -21.253925122298995, -15.586892756889739, 14.979386915776644, -2.1545052851923856, -14.182903425608686, -10.63973132122078]
[6.109927585588508, 18.32978275676558, 17.718789998206717, 6.720920344147373, 6.109927585588537, 25.05070310091294, 15.274818963971313, 14.663826205412462, -52.54537723606131, 26.883681376589507, 20.162761032442134, 17.718789998206717, -68.43118895859149, 6.109927585588537, -18.940775515324447, -14.052833446853583, 17.718789998206717, -3.6659565513531334, -12.830847929735882, -9.164891378382777]
[6.060576420946575, 18.181729262839696, 16.363556336555718, 8.484806989325193, 5.454518778851906, 25.45442096797558, 15.757498694461063, 13.939325768177099, -52.72701486223512, 27.878651536354198, 19.39384454702902, 16.363556336555725, -67.87845591460155, 5.45451877885192, -17.57567162074504, -13.939325768177099, 16.363556336555718, -4.242403494662597, -13.33326812608243, -9.090864631419862]
[7.29181019463249, 17.62187463702844, 16.406572937923073, 6.684159345079763, 7.291810194632461, 24.306033982108218, 15.798922088370361, 13.368318690159526, -51.65032221197998, 26.736637380319053, 20.052478035239275, 16.406572937923052, -67.44924430035033, 6.076508495527051, -17.621874637028455, -13.975969539712224, 15.798922088370318, -3.6459050973162164, -12.153016991054102, -9.114762743290612]
[8.302497820885321, 19.798264034418878, 17.882302998829942, 6.386536785296414, 7.663844142355714, 26.184800819715278, 15.966341963241035, 14.68903460618175, -54.924216353549156, 28.100761855304228, 20.436917712948514, 17.882302998829957, -72.80651935237911, 9.579805177944621, -19.798264034418878, -14.689034606181764, 13.411727249122492, -2.842170943040401e-14, -13.411727249122464, -9.579805177944593]
[7.575970769286755, 17.677265128335733, 17.677265128335762, 7.575970769286727, 6.944639871846192, 25.88456679506305, 15.783272436014059, 13.88927974369237, -53.66312628244779, 27.77855948738474, 20.833919615538548, 17.67726512833574, -71.97172230822409, 7.575970769286755, -18.939926923216888, -14.520610641132919, 15.151941538573482, -0.6313308974405629, -13.257948846251793, -10.101294359049007]
[6.631134306635602, 16.87925096234514, 16.276420570832812, 7.233964698147929, 6.631134306635573, 25.318876443517723, 15.070759787808157, 13.262268613271189, -50.63775288703543, 26.524537226542378, 19.290572528394435, 17.482081353857467, -67.51700384938054, 4.822643132098591, -17.482081353857467, -13.262268613271175, 16.276420570832812, -3.6169823490739645, -12.05660783024652, -9.042455872684883]
[7.093009587321774, 19.989390655179477, 18.054933495000853, 6.44819053392888, 7.093009587321745, 26.437581189108386, 16.765295388215065, 14.18601917464352, -54.809619538395424, 27.72721929589416, 20.634209708572385, 18.054933495000853, -72.21973398000338, 5.803371480535986, -18.699752548393747, -14.18601917464349, 17.41011444160796, -4.513733373750199, -12.89638106785776, -9.027466747500426]
[8.845958523246225, 21.0942087862025, 19.052833742376492, 7.485041827362181, 8.845958523246225, 27.21833391768064, 17.011458698550427, 14.970083654724377, -58.51941792301345, 29.259708961506732, 22.455125482086544, 19.052833742376464, -77.5722516653899, 8.845958523246225, -20.413750438260507, -15.650542002666384, 14.970083654724363, -1.3609166958840149, -14.28962530678237, -10.887333567072261]
