[-13.242149962152354, -0.509313460082808, 8.14901536132453, 12.223523041986795, 4.583821140745044, 7.63970190124175, -7.130388441158971, -7.130388441158956, 16.298030722649045, 6.111761520993397, -11.204896121821221, -8.149015361324516, 22.40979224364243, 6.621074981076177, -12.73283650206956, -10.186269201655662, 24.447046083973575, 12.732836502069574, 8.65832882140731, 7.130388441158956]
[-16.299662459791392, -24.44949368968706, -16.299662459791378, 2.0374578074739134, 8.149831229895696, -9.168560133632653, 13.243475748580494, 9.677924585501131, -6.621737874290247, -6.112373422421754, 15.280933556054407, 9.677924585501131, -11.715382392975044, -7.131102326158725, 13.243475748580494, 8.149831229895682, -6.1123734224217685, -12.224746844843537, -6.1123734224217685, -7.6404667780272035]
[-9.167811946575, -2.29195298664375, 4.201913808846868, 8.785819782134382, 3.81992164440625, 4.583905973287514, -4.965898137728146, -3.819921644406236, 11.459764933218764, 3.055937315524986, -6.493866795490632, -4.965898137728118, 15.279686577625, 4.201913808846882, -7.6398432888125, -6.11187463105, 16.8076552353875, 8.40382761769375, 4.965898137728132, 3.437929479965625]
[-13.322064935453767, -18.317839286248898, -12.489435876987898, -1.6652581169317244, 7.493661526192753, -9.575234172357398, 9.575234172357398, 8.742605113891528, -3.7468307630963693, -8.326290584658608, 12.073121347754977, 8.32629058465858, -7.07734699695979, -9.575234172357398, 9.575234172357383, 7.493661526192739, -2.4978871753975795, -10.407863230823253, -6.661032467726869, -7.493661526192739]
[-10.43701862075801, 4.1748074483031985, 11.828621103525762, 15.30762731044507, 5.56640993107095, 12.524422344909624, -11.828621103525734, -10.43701862075801, 22.961440965667634, 6.958012413838674, -18.090832275980574, -12.524422344909624, 34.094260827809535, 11.132819862141872, -19.482434758748298, -15.307627310445099, 32.70265834504181, 22.961440965667634, 12.52442234490961, 11.132819862141886]
[-27.43206250749398, -30.17526875824339, -19.20244375524578, 2.743206250749381, 13.030229691059645, -14.401832816434336, 13.71603125374699, 12.3444281283723, -0.6858015626873453, -10.97282500299761, 15.08763437912171, 10.287023440310236, -2.057404688062036, -13.030229691059645, 12.3444281283723, 9.60122187762289, 3.4290078134367548, -10.97282500299761, -7.543817189560855, -8.2296187522482]
[-11.887506225123218, 0.0, 8.491075875088029, 13.0196496751349, 4.528573800046956, 10.189291050105595, -7.3589324250762616, -6.792860700070406, 14.717864850152537, 8.491075875088015, -10.755362775111493, -7.358932425076247, 19.24643865019945, 10.755362775111479, -11.321434500117334, -9.62321932509974, 19.24643865019948, 14.151793125146668, 7.925004150082145, 6.2267889750645224]
[-20.970774689937286, -24.37144085587309, -17.0033308296789, 0.0, 13.035886969420488, -15.869775441033639, 7.368110026194188, 9.6352208034847, 5.6677769432263005, -13.602664663743099, 10.201998497807324, 10.201998497807338, 0.5667776943226244, -14.736220052388376, 8.501665414839465, 8.501665414839437, 6.8013323318715635, -12.469109275097864, -9.068443109162075, -8.50166541483945]
[-13.826210938060854, 5.530484375224347, 13.826210938060854, 13.134900391157828, 10.369658203545612, 6.913105469030427, -15.900142578769987, -11.060968750448666, 33.87421679824908, 2.7652421876121878, -21.430626953994334, -13.826210938060854, 43.552564454891694, 4.147863281418267, -23.504558594703468, -15.900142578769987, 44.24387500179475, 21.43062695399432, 13.826210938060854, 11.75227929735172]
[-29.05371081409541, -34.58775096916119, -19.369140542730264, 4.842285135682573, 7.609305213215464, -6.9175501938322554, 18.677385523347056, 12.451590348898037, -9.684570271365146, -4.150530116299336, 19.369140542730264, 11.068080310131563, -10.376325290748355, -6.917550193832227, 15.218610426430928, 8.3010602325987, -0.6917550193832653, -13.143345368281217, -8.3010602325987, -9.684570271365146]
[-11.285995047461853, -1.6122850067802688, 9.13628170508818, 12.89828005424215, 8.598853369494748, 5.911711691527657, -8.598853369494762, -7.523996698307911, 22.571990094923763, 2.1497133423736727, -12.89828005424215, -10.211138376275017, 30.095986793231674, 4.299426684747374, -15.047993396615837, -10.748566711868463, 29.021130122044838, 13.973136725429, 8.598853369494762, 8.061425033901344]
[-18.45065653438408, -25.505319326942754, -18.45065653438411, 2.170665474633438, 4.3413309492668475, -4.3413309492668475, 15.19465832243398, 10.853327373167119, -13.023992847800557, -1.085332737316719, 18.45065653438411, 10.310661004508773, -17.36532379706739, -2.7133318432917974, 15.19465832243398, 8.682661898533695, -10.853327373167104, -12.481326479142211, -5.969330055241912, -7.054662792558631]
[-11.059221797841246, 5.395337081815853, 12.38897115456777, 16.3105387793849, 6.422426813246631, 14.707368646865092, -13.95857283281137, -11.92334239947482, 25.30583483119716, 7.104085718747996, -21.168237055971673, -14.136161387359806, 40.93958784666444, 10.780927880464247, -22.48824012953068, -17.66898344880383, 38.510738708371036, 23.23703594358443, 15.955361670287985, 12.672138213528555]
[14.187061482495494, -5.215907011697361, -13.829956773490878, -16.09353711989258, -8.060629712414396, -12.460267802511183, 14.947885794223623, 11.07394544856973, -28.559349383391, -6.920522847732684, 21.326077514551677, 13.572652362256676, -40.20334826430161, -9.967105349811497, 22.71794432948034, 14.685036922002169, -36.888372429014105, -23.00297104565076, -13.304259029048012, -14.131616872623013]
[-11.249920832513197, 1.0227200756830257, 6.64768049193961, 13.29536098387922, 3.0681602270490487, 9.204480681147146, -7.159040529781123, -6.136320454098097, 15.340801135245243, 5.6249604162565845, -11.249920832513169, -8.18176060546412, 24.033921778550877, 8.18176060546412, -12.784000946037708, -10.738560794671656, 24.033921778550877, 15.340801135245243, 8.18176060546412, 6.136320454098097]
[-18.213829867144995, -25.597814948419952, -17.72156419505997, -0.49226567208499716, 9.845313441699986, -14.275704490464989, 12.798907474209983, 11.322110457954977, -3.4458597045949944, -10.337579113784969, 14.767970162549958, 10.829844785869994, -6.891719409189989, -11.814376130039989, 11.322110457954977, 9.353047769614989, 0.4922656720850114, -11.322110457954977, -7.876250753359983, -8.860782097530006]
[-10.533426301087786, 7.022284200725181, 12.64011156130536, 15.449025241595422, 7.022284200725181, 13.342339981377847, -15.449025241595393, -11.235654721160302, 26.684679962755723, 7.022284200725181, -21.066852602175572, -13.342339981377847, 39.324791524061055, 11.937883141232831, -23.173537862393133, -16.853482081740452, 37.920334683916025, 24.577994702538177, 14.044568401450391, 11.937883141232817]
[12.159254454938257, -6.917052852971231, -14.74749600317709, -15.568517545437764, -7.842758984202391, -11.943727359999016, 16.192485743753977, 11.245864157703629, -28.988024231004985, -7.015579524943469, 21.843128449097996, 13.376401266579364, -40.289309641692995, -10.535685121411717, 21.855444283094528, 15.506938375455107, -36.79383571321779, -24.70231834526045, -13.401032934572434, -12.678538064283991]
[-10.590556117861098, 3.344386142482449, 8.360965356206123, 13.934942260343519, 3.344386142482449, 9.47576073703361, -8.91836304661986, -7.8035676657924, 19.508919164480957, 6.131374594551161, -13.377544569929796, -10.033158427447319, 28.42728221110079, 9.475760737033596, -15.04973764117102, -12.262749189102294, 26.197691449445827, 18.394123783653455, 9.47576073703361, 8.360965356206108]
[-21.38349715748825, -27.2639588757975, -18.175972583865004, -0.5345874289372006, 11.226336007681326, -16.037622868116173, 11.226336007681311, 11.760923436618526, 0.5345874289372148, -13.364685723430142, 14.433860581304558, 11.760923436618526, -3.7421120025604324, -15.503035439178973, 9.622573720869696, 9.62257372086971, 6.9496365761836785, -11.76092343661854, -8.55339886299528, -9.62257372086971]
[-7.221535766771794, -1.9695097545741334, 8.206290644058868, 9.191045521345941, -6.2367808894847485, 5.580277637960023, -4.267271134910601, -2.6260130060988445, 9.191045521345927, 4.595522760672978, -6.2367808894847485, -3.610767883385904, 12.473561778969483, 5.580277637960037, -7.221535766771808, -5.580277637960037, 13.130065030494194, 8.206290644058868, 5.580277637960037, 5.580277637960023]
[-9.165832573709494, -12.526637850736321, -6.416082801596659, 1.8331665147419045, -3.3608052770268273, -5.805027296682681, 7.943721563881567, 4.888444039311736, -4.2773885343977724, -4.888444039311736, 9.47136032616649, 5.499499544225699, -6.721610554053626, -6.72161055405364, 8.554777068795545, 6.721610554053626, -4.888444039311736, -7.943721563881567, -4.582916286854754, -4.888444039311736]
[-7.434179882632989, -2.4780599608776583, 8.673209863071804, 8.98296735818154, -6.814664892413575, 4.956119921755317, -2.7878174559873514, -2.4780599608776726, 8.363452367962125, 4.336604931535902, -5.575634911974731, -3.717089941316516, 11.461027319059198, 5.5756349119747455, -7.434179882632989, -5.265877416865038, 13.009814794607735, 7.434179882632989, 5.265877416865038, 5.265877416865038]
[-9.399816525858952, -11.825575629306442, -6.367617646549611, 2.4257591034474686, -5.154738094825873, -4.548298318964015, 7.883717086204285, 5.45795798275681, -5.761177870687739, -4.245078431033086, 9.399816525858967, 5.761177870687746, -7.580497198273356, -5.1547380948258805, 8.186936974135222, 6.064397758618682, -4.851518206894951, -7.883717086204278, -4.548298318964008, -5.154738094825888]
[-6.464614150352865, -2.4520950225476383, 6.241696421030355, 6.4646141503528725, -4.4583545864502625, 2.675012751870163, -2.229177293225135, -1.1145886466125603, 6.018778691707837, 2.229177293225135, -3.566683669160213, -2.006259563902603, 8.247955984932972, 3.343765939837688, -4.904190045095284, -3.5666836691602057, 9.585462360868057, 4.681272315772773, 2.8979304811926596, 3.343765939837695]
[-4.651214755839199, -7.441943609342715, -4.093068985138494, 1.4883887218685459, -3.907020394904933, -3.5349232144377822, 5.395409116773465, 2.6046802632699553, -3.348874624204228, -2.7907288535035164, 6.325652067941313, 3.348874624204221, -4.837263346072767, -3.7209718046713576, 5.953554887474176, 3.7209718046713505, -3.907020394904926, -5.209360526539896, -3.1628260339706564, -3.534923214437793]
[-8.65677563304088, -1.9674490075092876, 11.411204243553883, 11.017714442052025, -8.263285831539008, 7.476306228535293, -5.115367419524162, -3.9348980150185753, 11.80469404505574, 5.902347022527863, -7.869796030037151, -4.72187761802229, 14.952612457070586, 7.4763062285353215, -9.443755236044609, -7.869796030037151, 16.920061464579888, 9.837245037546452, 6.689326625531592, 6.689326625531585]
[-11.783347787199531, -14.729184733999404, -5.891673893599759, 2.9458369467998864, -6.62813313029973, -5.523444275249773, 9.205740458749617, 6.259903511949744, -5.891673893599744, -4.786985038549815, 11.046888550499546, 6.99636274864973, -8.83751084039966, -6.259903511949744, 9.573970077099617, 7.364592366999702, -5.155214656899801, -8.83751084039963, -5.155214656899787, -5.891673893599759]
[-8.533728381447176, 2.842170943040401e-14, 13.274688593362242, 13.74878461455377, -9.956016445021689, 9.481920423830175, -6.637344296681121, -5.215056233106594, 13.274688593362242, 8.533728381447162, -9.956016445021675, -7.111440317872649, 18.01564880527735, 10.904208487404702, -11.85240052978773, -9.481920423830175, 18.963840847660364, 12.800592572170743, 9.48192042383019, 8.533728381447162]
[-14.604021610656943, -16.885899987322077, -7.302010805328479, 2.738254051998183, -8.21476215599452, -5.476508103996352, 11.409391883325725, 8.214762155994535, -8.214762155994535, -5.020132428663331, 13.234894584657866, 8.21476215599452, -9.583889181993612, -6.389259454662408, 10.953016207992704, 7.7583864806615, -5.020132428663331, -9.127513506660591, -5.020132428663317, -5.932883779329373]
[-7.907233125990359, -1.976808281497597, 11.46548803268604, 11.465488032686011, -8.302594782289873, 7.116509813391332, -5.139701531893735, -3.558254906695666, 11.070126376386511, 5.930424844492762, -7.907233125990359, -4.744339875594221, 15.419104595681205, 7.116509813391332, -9.093318094888915, -7.116509813391332, 16.209827908280246, 10.27940306378747, 7.116509813391332, 7.116509813391332]
[-11.99745703213577, -14.621900757915455, -6.748569580576373, 1.4996821290169748, -6.373649048322122, -4.49904638705091, 9.747933838610308, 5.998728516067885, -6.373649048322136, -4.499046387050896, 11.247615967627269, 6.748569580576373, -8.623172241847584, -6.373649048322122, 10.122854370864545, 7.123490112830609, -5.248887451559398, -8.99809277410182, -4.873966919305161, -5.623807983813634]
[-10.393624851683342, 1.7322708086138903, 17.322708086138903, 16.16786088039632, -12.125895660297232, 12.703319263168538, -9.816201248812064, -6.929083234455533, 17.322708086138874, 10.393624851683356, -13.858166468911136, -6.929083234455561, 20.78724970336671, 13.858166468911122, -15.590437277525027, -11.54847205742594, 21.942096909109296, 18.477555291881487, 12.703319263168538, 12.703319263168538]
[-18.82751323804473, -22.82122816732692, -7.9874298585644254, 3.4231842250990496, -8.55796056274761, -8.557960562747596, 13.69273690039617, 9.128491266930752, -6.846368450198071, -7.987429858564411, 15.974859717128822, 7.98742985856444, -6.846368450198071, -10.26955267529712, 12.551675492029801, 9.69902197111395, -2.8526535209158794, -7.987429858564411, -3.4231842250990496, -6.846368450198071]
[-9.468786879637548, 0.0, 14.676619663438188, 13.256301631492562, -10.415665567601295, 9.942226223619414, -7.5750295037100415, -5.207832783800654, 13.729740975474442, 8.521908191673788, -10.88910491158316, -5.681272127782535, 17.517255727329456, 10.889104911583175, -11.835983599546935, -9.9422262236194, 19.41101310325695, 13.729740975474442, 9.468786879637548, 8.995347535655654]
[-14.992012397144805, -19.08074305091158, -7.268854495585373, 3.6344272477926864, -7.723157901559446, -6.360247683637198, 11.81188855532622, 7.723157901559446, -7.268854495585373, -5.451640871689008, 13.629102179222556, 7.2688544955853445, -8.631764713507607, -7.723157901559446, 11.811888555326206, 8.177461307533548, -4.997337465714935, -9.54037152545581, -4.997337465714921, -6.360247683637198]
[-9.653107620896918, -0.4596717914712656, 13.330481952667128, 12.870810161195877, -9.193435829425624, 9.193435829425624, -6.435405080597931, -5.056389706184092, 12.870810161195863, 8.73376403795433, -10.11277941236817, -5.975733289126666, 17.00785628443741, 10.112779412368184, -11.032122995310743, -9.19343582942561, 18.386871658851234, 12.411138369724583, 8.73376403795433, 8.274092246483065]
[-12.995889853725814, -16.768890133839747, -7.126778306881889, 3.7730002801139477, -7.5460005602278954, -7.126778306881889, 11.319000840341829, 7.126778306881889, -6.288333800189918, -5.449889293497904, 12.157445347033814, 7.126778306881903, -7.965222813573888, -7.126778306881903, 10.89977858699585, 8.384445066919866, -5.449889293497904, -9.642111826957859, -5.03066704015194, -6.288333800189903]
[-8.814014535036009, -0.8394299557177334, 12.1717343579069, 12.59144933576573, -9.653444490753728, 8.814014535036023, -6.2957246678828795, -4.616864756447427, 11.752019380048011, 7.554869601459444, -9.233729512894868, -5.45629471216516, 16.368884136495467, 8.814014535036023, -10.073159468612602, -8.814014535036023, 17.208314092213186, 11.75201938004804, 7.974584579318297, 7.554869601459444]
[-12.930363251581909, -17.37517561931321, -7.273329329014828, 3.636664664507407, -6.869255477402888, -5.657033922567081, 10.101846290298369, 6.061107774179021, -4.848886219343214, -6.061107774179021, 12.930363251581909, 6.061107774179035, -7.273329329014842, -8.081477032238695, 10.90999399352225, 7.677403180626754, -4.444812367731288, -9.293698587074488, -5.657033922567095, -5.657033922567081]
