[-19.14558222644311, -11.023993478300099, 15.361578460286978, 20.686377775285308, 8.612770822589852, -11.078381563059594, -9.974380003904741, -0.6591965128431809, 42.335936713708946, -11.959980599058639, -14.791975131207494, -3.241594479456353, 43.78713907878749, -6.4831889589127485, -20.963168383200696, -9.94718596152498, 46.65433870994045, 10.82878499752401, 10.231987626064736, 16.65277744359358]
[-24.007249705193573, -17.292996115281852, -3.512064859709767, 17.013492034238254, 20.063820522119016, -24.900485792341726, -1.2031122166559953, 7.346181746703962, 39.179681113072505, -25.884838024882598, -5.7724493036116655, 3.2325607786661976, 44.48423839998969, -20.7139448295989, -12.4867028935234, -0.881060189371567, 43.53025821591305, -0.35242407574862966, 4.113620968037779, 9.387806206490708]
[-30.588369168126505, -22.61431781432043, -13.78275529757417, 12.948945454852833, 34.15209447107517, -30.3707936510946, -1.5685507695048955, 6.808423028021181, 42.88885170694613, -33.51215882516691, -6.472340909895195, 2.856949331446401, 49.720976055186156, -34.51187790942002, -9.37669288177922, -1.0945243651284216, 51.48340102150415, -23.230552140009877, -12.115135612131496, -7.045436230209432]
[-41.672236287724495, -29.33343979666043, -15.78117232470651, 11.304163865612445, 8.902470230560326, -19.108355636815944, 11.898275192693603, 10.467568349187871, 18.35460470788542, -19.94495115324051, 6.067354904449154, 6.009758643682673, 27.966378787059895, -18.57184057050131, -0.45972005195930876, 0.17883835543821647, 35.7069247243582, -12.779317789434536, -3.403978326464774, -1.8904268954650263]
[-39.7678086336597, -28.364253606037664, -15.69194099323174, 9.162939402805563, 2.9485222008705065, -19.675795793773624, 14.334392385552746, 11.40355502762202, 12.946317299807745, -20.647653833406196, 13.017423479363046, 7.94239313862748, 20.551231191394585, -21.28203262599815, 7.460279928569449, 7.25980302502974, 23.723125154354307, -13.636539032921995, 1.9513476987816532, 3.7504298150293636]
[1.7611420956244785, 1.1740947304163285, 3.5222841912489287, 3.5222841912489287, -52.834262868734186, 27.004178799575243, 11.153899938955021, -1.1740947304163285, -33.46169981686499, 34.04874718207314, 9.979805208538693, -3.522284191248957, -29.939415625616036, 32.87465245165684, 8.218663112914214, -4.109331556457107, -24.068941973534464, 24.068941973534464, 5.870473652081557, -2.3481894608326]
[0.4856205612151996, -1.94248224486077, 0.971241122430385, -0.4856205612151854, -36.4215420911394, 19.42482244860767, 9.22679066308865, -1.4568616836455703, -23.30978693832921, 25.25226918318998, 7.7699289794430655, -2.913723367291155, -20.88168413225324, 25.737889744405166, 6.313067295797495, -2.9137233672911407, -16.99671964253173, 16.99671964253173, 9.226790663088636, 4.370585050936739]
[-11.413729451033191, -4.028375100364656, 6.042562650546955, 2.6855834002431322, -45.65491780413282, 24.84164645224874, 10.070937750911654, -3.356979250303894, -20.813271351884055, 30.212813252734918, 6.042562650547012, -5.371166800486208, -14.7707087013371, 27.527229852491843, 4.028375100364656, -4.028375100364656, -10.742333600972415, 20.813271351884083, 12.085125301093967, 8.056750200729311]
[-5.737731652797301, -18.35946558329418, -23.33929588163211, -11.541930175366602, 57.798531715238134, -44.09979577569009, 1.2491601937032044, 11.461454575198857, 26.825737439684502, -47.836069372483124, 2.992380972729393, 12.374703637835395, 25.082516660658314, -46.922820309846585, 5.648850814392134, 13.121398007978158, 18.856327914696323, -34.4648393257643, -19.183833807525545, -14.201201763108472]
[6.097069335358825, -7.090191257053604, -18.504904035202642, -16.023972583678443, 39.8820411893252, -37.36558861014709, -1.4522884021754976, 10.703151698665394, 17.570114599924324, -40.331675343137405, 1.5137983308148222, 7.801752336537234, 17.473083543631105, -40.33167534313739, 2.7720246204038546, 9.800705948818148, 14.21590364176113, -33.561743498171694, -21.85911499336585, -15.86225415652305]
