[6.9257618635528715, -1.7190913218934938, -15.44829433241894, -15.322992703671133, 0.12530162874778483, -26.68338841665844, 3.7965217897426413, 11.028245311104811, -3.560503360367349, -22.443999424405852, 5.943895486025788, 8.936230015135394, -5.873952257591739, -20.809436159066678, 3.9072385903701132, 9.670474047334366, -4.058728963191044, -26.86404844571996, -13.799146238959452, -9.55975724670688]
[7.756147162315287, -3.394113388861271, -15.793154802091792, -21.36846255467608, 23.039066563909948, -39.342456766498856, 5.926827041900893, 11.449229424091655, 7.9844572233750455, -38.25203706163336, 6.753429802782911, 10.622626663209623, 7.7206402793915885, -38.551005934548485, 5.891675112969224, 10.622626663209616, 9.145180786103865, -32.62417889264762, -17.569569552112682, -15.089761269466578]
[11.639818861333524, -4.928575557952179, -20.465574450712154, -19.635823834769333, 14.187964323072173, -32.04649969813553, 8.627696869277912, 10.835032314243094, -4.214819074588576, -26.227486815089293, 10.835032314243094, 7.710502380090368, -6.422154519553779, -25.825990089164605, 8.57059635060881, 10.404985328983884, -5.046362785772487, -30.64215770501967, -14.905306996917886, -11.752226803430645]
[9.798506192870832, -1.2472571372488943, -18.88285662410822, -20.785344444574747, 12.822594432662406, -32.07033549867955, 7.291906206510333, 11.202646292412389, -1.4474520557729988, -26.778874996512535, 8.13524609638936, 8.44120545988244, -4.283431088903143, -27.241717322298257, 7.060485043617476, 10.665265766026437, -2.977248873238409, -29.6148540296427, -16.725527957472238, -12.814787871570232]
[5.855628545974469, -4.991217900048007, -14.31869907951068, -21.58483938107451, 21.911399913985875, -39.590806172501004, 4.773052489404442, 12.256899812909197, 8.461236978725573, -38.0723576833465, 6.2915009785589575, 10.087622201445228, 8.244446734189978, -36.445514071924194, 5.749066978517298, 11.49767556833195, 7.268432245077122, -33.408158704912516, -18.331152158229898, -14.751821179879208]
[10.048565221531469, -5.72934409082475, -18.9687031308107, -20.40844350771294, 18.207138049099612, -34.650256782093514, 6.661374413252943, 11.243730778072937, 1.1599536005582465, -29.814045390036483, 6.661374413252929, 8.088148915601685, 1.4138086277952695, -30.321755444510543, 6.40751938601592, 10.276488499661525, 1.9215186822693369, -31.192642061848545, -17.30103947577841, -13.685925389369814]
[8.084195175854134, -4.698428255958213, -16.424838879156106, -16.89792138206918, 8.485560872199471, -31.538005459424625, 5.426475730557101, 11.580998935713055, -0.8739536806710575, -26.548753828496736, 7.101677248156797, 8.813231687627706, -2.840473091827775, -26.221083013068508, 6.846712276470981, 10.197115311670387, -1.5292953115275196, -28.988850261153857, -14.348766183798418, -10.452080283356196]
[-28.80558518479998, -34.426187172078045, -24.59013369434146, -1.405150496819516, 19.67210695547317, -13.34892971978536, 10.538628726146342, 6.323177235687794, 13.34892971978536, -14.754080216604848, 10.538628726146328, 5.620601987278064, 16.861805961834136, -20.37468220388294, 9.13347822932684, 7.025752484097552, 20.37468220388294, -16.159230713424392, -9.13347822932684, -9.836053477736584]
[13.6248974007921, -0.5978980916815075, -15.46923578919785, -22.132954733046486, 22.733831890219825, -36.65023067312309, 6.630949223438435, 10.108559386418335, -0.34214549547237283, -32.535994567067824, 8.844244696743075, 6.9462831294843, -1.2911262791017748, -30.322699093763177, 8.847223762234918, 9.793225480372485, -0.9757923730559099, -33.18751583760239, -18.334052533037053, -15.802444088194733]
[14.122880118607796, 5.48078047333383, -6.638768218229906, -12.55095549008496, 19.32071742735844, -36.43549735747225, -3.4774490462897916, 10.421869275621361, 11.852322321852583, -40.300688629268734, 1.3867884732167255, 11.508244669360408, 8.85518357872256, -37.390879032167746, 4.6022500814193705, 12.507290917070435, 3.772623194143435, -31.27084675848809, -18.588897549359558, -13.59366631080951]
[-18.81876576813724, -15.923571034577677, -5.307857011525883, 5.307857011525883, -7.720519289492202, -6.755454378305686, 8.685584200678747, 3.860259644746094, 1.930129822373047, -7.720519289492202, 8.685584200678733, 3.860259644746094, 4.342792100339366, -9.168116656271977, 6.7554543783056715, 4.342792100339352, 6.755454378305686, -13.028376301018099, -7.720519289492202, -5.307857011525883]
[-21.944428258088237, -17.24205077421216, -4.179891096778718, 7.314809419362746, -12.01718690323878, -5.224863870973394, 8.882268580654767, 4.179891096778704, 1.0449727741946617, -6.7923230322653865, 9.404754967752098, 4.179891096778704, 4.179891096778704, -9.404754967752098, 7.837295806460077, 4.702377483876063, 7.837295806460077, -14.629618838725492, -7.837295806460077, -5.747350258070725]
[-22.07257937947935, -17.342740941019485, -5.780913647006486, 5.255376042733161, -7.357526459826445, -6.30645125127981, 8.408601668373095, 3.6787632299132156, 3.153225625639905, -8.40860166837308, 9.459676876919715, 3.67876322991323, 5.7809136470065, -9.985214481193054, 6.3064512512798245, 5.255376042733175, 8.40860166837308, -14.71505291965289, -7.35752645982646, -5.780913647006486]
[-20.012210464609367, -16.009768371687514, -4.502747354537107, 5.503357877767584, -11.006715755535168, -5.003052616152331, 8.505189447458974, 4.002442092921882, 0.5003052616152388, -5.503357877767584, 8.505189447458989, 3.0018315696914044, 4.002442092921882, -8.505189447459003, 6.503968400998048, 4.002442092921882, 7.004273662613286, -13.007936801996095, -6.503968400998048, -6.003663139382823]
[-20.641371252954684, -17.46577567557702, -6.8804570843182375, 5.292659295629406, -8.46825487300704, -6.8804570843182375, 8.997520802569994, 3.175595577377635, 3.175595577377649, -7.4097230138811625, 9.52678673213292, 3.175595577377649, 4.2341274365035275, -8.997520802569994, 6.880457084318223, 4.763393366066467, 6.351191154755284, -11.11458452082175, -6.351191154755284, -6.351191154755284]
[-4.009215357777528, -6.62392102589331, -4.706470202608401, -1.2201959784540293, 2.091764534492622, -2.9633330905312114, 3.1376468017389314, 1.3945096896617528, -0.34862742241544, -3.1376468017389385, 3.6605879353620914, 1.9174508232849057, -0.6972548448308729, -3.311960512946655, 2.963333090531215, 2.0917645344926257, 0.17431371120771644, -5.229411336231557, -2.963333090531215, -2.614705668115782]
[7.804439220703529, -7.4148613009416735, -17.5496111445839, -13.135956754008483, 1.130478485667922, -10.523026509652766, 6.63830796892065, 8.333375070546843, -20.692127865658627, -5.402823065534875, 7.3798591617023845, 7.591823877765108, -20.303851199648122, -6.532650924327115, 8.192065259838358, 7.591823877765108, -14.336439518154961, -20.02123157823113, -11.758511413038534, -9.675167645401828]
[-28.30102175854867, -21.22576631891151, -8.361665519571204, 3.859230239802102, -9.648075599505233, -0.6432050399670004, 9.64807559950522, 7.075255439637161, -5.145640319736117, -0.6432050399670146, 9.004870559538219, 5.7888453597031315, 0.6432050399670146, -5.7888453597031315, 7.075255439637161, 5.788845359703146, 7.718460479604175, -14.79371591924135, -7.718460479604175, -5.788845359703146]
[-14.726642149347668, -16.95795156591548, -7.140190133017057, 3.123833183194961, -3.123833183194961, -8.478975782957733, 6.6939282497034895, 4.46261883313565, 2.231309416567825, -8.478975782957747, 7.586452016330611, 4.46261883313565, 3.123833183194961, -8.9252376662713, 6.2476663663899075, 5.355142599762786, 4.016356949822097, -12.049070849466275, -7.140190133017043, -5.801404483076354]
[-14.187041456197335, -12.456914449344012, -5.190381020560011, 1.730127006853337, -2.768203210965339, -6.920508027413334, 6.228457224671999, 3.460254013706674, 2.07615240822399, -7.266533428783994, 6.574482626042673, 3.1142286123360066, 3.4602540137066597, -8.996660435637338, 5.536406421930678, 4.1523048164479945, 5.190381020560011, -11.764863646602677, -6.5744826260426805, -5.536406421930664]
