[1.9644505360436213, -3.4923565085219934, -6.5481684534787306, -5.4568070445656005, 5.238534762782983, -3.9289010720872426, -3.0558119449567442, -2.8375396631741125, 5.893351608130857, -6.766440735261355, -5.020262481000358, -4.365445635652485, 13.53288147052271, -0.2182722817826246, 5.893351608130857, 4.583717917435109, -11.568430934479089, 1.3096336906957475, 5.675079326348232, 4.14717335386986]
[2.1479864439976453, -3.651576954795999, -6.229160687593186, -5.369966109994117, 5.155167465594353, -4.081174243595527, -3.0071810215967076, -2.792382377196944, 6.014362043193415, -6.873556620792478, -5.15516746559436, -4.295972887995294, 13.961911885984716, -1.0739932219988262, 6.229160687593186, 4.081174243595527, -10.525133575588477, 0.42959728879953474, 5.5847647543938805, 4.081174243595534]
[1.9966613653772995, -3.549620205115204, -6.6555378845909985, -5.546281570492511, 5.324430307672806, -3.993322730754606, -3.1059176794757946, -2.884066416656104, 5.768132833312201, -6.877389147410703, -5.324430307672802, -4.215173993574304, 14.198480820460805, -0.8874050512787974, 6.21183535895161, 4.658876519213699, -11.53626566662441, 0.8874050512788045, 5.768132833312201, 4.215173993574304]
[1.896613097048359, -3.5824914055357837, -6.322043656827866, -5.268369714023223, 5.057634925462295, -3.793226194096718, -2.950287039853002, -2.739552251292075, 5.689839291145077, -6.743513233949727, -4.846900136901358, -4.003960982657649, 13.065556890777586, -0.2107347885609272, 5.689839291145077, 4.425430559779507, -11.168943793729227, 1.2644087313655703, 5.47910450258415, 4.003960982657645]
[1.7044392344298132, -3.4088784688596405, -6.178592224808078, -5.3263726075931785, 4.687207894681997, -4.048043181770815, -2.7697137559484517, -2.556658851644727, 5.113317703289447, -6.391647129111803, -4.900262798985722, -3.8349882774670903, 12.570239353919895, 0.21305490430372487, 5.96553732050436, 4.474152990378265, -11.931074641008713, 1.9174941387335451, 5.539427511896896, 3.6219333731633725]
[2.2105908720980096, -3.7580044825666192, -6.1896544418744455, -5.526477180245038, 4.642240831405836, -3.536945395356824, -3.3158863081470287, -2.431649959307819, 5.0843590058254335, -6.410713529084241, -5.084359005825441, -4.200122656986224, 13.263545232588093, 0.8842363488392024, 5.968595354664643, 4.200122656986231, -12.600367970958686, 2.2105908720980167, 5.526477180245038, 3.9790635697764216]
[3.1887599570770533, -3.7202199499232336, -7.440439899846467, -6.643249910577211, 5.58032992488485, -4.517409939192497, -3.1887599570770675, -2.9230299606539702, 5.5803299248848575, -7.706169896269564, -5.58032992488485, -5.048869932038684, 14.880879799692948, 1.0629199856923535, 7.174709903423391, 4.517409939192497, -14.880879799692948, 2.391569967807797, 6.377519914154121, 4.251679942769414]
[4.272747621441354, -4.272747621441354, -8.545495242882708, -7.888149454968655, 6.573457879140548, -4.930093409355408, -3.286728939570267, -3.286728939570267, 4.601420515398374, -8.216822348925675, -6.902130773097568, -5.258766303312441, 16.10497180389433, 0.986018681871073, 8.545495242882708, 5.587439197269461, -18.734354955550543, 2.9580560456132474, 8.216822348925675, 5.916112091226495]
[1.8953766199326338, -3.2221402538854846, -5.875667521791186, -4.738441549831592, 4.548903887838335, -3.9802909018585453, -2.843064929898958, -2.463989605912431, 5.875667521791179, -6.0652051837844425, -4.548903887838335, -3.9802909018585453, 12.130410367568892, 0.18953766199326338, 5.307054535811396, 3.980290901858538, -10.614109071622778, 1.3267636339528508, 4.927979211824855, 3.6012155778720185]
[1.2227004369244554, -2.717112082054335, -4.483234935389657, -3.53224570667064, 3.6681013107733556, -3.1246788943624857, -2.1736896656434688, -2.037834061540753, 4.890801747697804, -4.3473793312869375, -3.5322457066706328, -2.9888232902597736, 9.509892287190176, -0.40756681230814706, 4.075668123081499, 2.852967686157058, -7.200347017443992, 0.679278020513582, 3.803956914876075, 2.717112082054335]
[5.150815377106142, -5.150815377106142, -10.604619894042031, -8.180706775403848, 10.301630754212255, -4.847826237276365, -3.029891398297721, -3.029891398297721, 2.726902258467959, -13.937500432169543, -10.604619894042038, -9.08967419489317, 28.48097914399861, -2.726902258467959, 12.119565593190913, 8.180706775403848, -20.603261508424524, 0.9089674194893149, 9.998641614382493, 6.665761076254995]
[4.77522146054649, -5.411917655286032, -11.460531505311565, -7.958702434244145, 10.505487213202287, -4.775221460546504, -3.183480973697641, -3.1834809736976553, 2.865132876327877, -14.325664381639449, -10.823835310572036, -9.232094823723209, 29.288024958018454, -2.546784778958127, 12.415575797420857, 8.27705053161391, -21.329322523774294, 0.9550442921092923, 9.550442921092966, 6.685310044765089]
[5.560162727403593, -4.942366868803191, -10.502529596206799, -8.031346161805189, 9.884733737606382, -4.942366868803191, -3.088979293001998, -3.397877222302199, 2.7800813637017967, -13.591508889208797, -10.811427525506993, -8.649142020405591, 27.800813637017974, -2.1622855051013943, 12.047019242707805, 8.34024409110539, -21.313957121713784, 1.853387575801193, 9.575835808306195, 6.795754444604398]
[4.743086367627086, -5.039529265603775, -10.07905853120755, -7.114629551440643, 8.596844041324104, -4.446643469650397, -2.9644289797669217, -2.964428979766936, 2.0751002858368537, -13.043487510974487, -10.375501429184254, -8.3004011433474, 26.67986081790235, -1.7786573878601502, 11.561273021091026, 8.3004011433474, -20.7510028583685, 2.0751002858368466, 9.486172735254172, 6.52174375548725]
[4.872259751082055, -4.872259751082055, -10.658068205491972, -7.9174220955083285, 10.353551971049356, -4.872259751082055, -3.654194813311534, -3.0451623444262736, 2.7406461099836434, -13.39871431547563, -10.658068205491979, -8.830970798836212, 28.01549356872178, -2.4361298755410274, 11.571616908819863, 8.221938329950959, -20.09807147321345, 1.2180649377705208, 9.440003267721465, 6.3948409232951775]
[5.022049240935999, -5.022049240935999, -11.299610792105995, -7.846951938962491, 10.671854636988982, -5.335927318494498, -3.1387807755849906, -3.138780775585005, 3.138780775585005, -14.124513490132493, -10.985732714547488, -9.416342326755, 29.504539290498982, -3.7665369307019887, 12.241245024781492, 8.788586171637988, -20.402075041302496, -0.31387807755848485, 10.044098481871984, 6.591439628728494]
[5.381182091891844, -4.431561722734472, -11.395444429888613, -7.913503076311542, 9.812743814626316, -5.064641968839396, -3.1654012305246084, -3.1654012305246226, 2.8488611074721604, -14.244305537360773, -10.445824060731233, -8.863123445468922, 28.172070951669085, -1.8992407383147736, 11.711984552941075, 7.913503076311557, -20.89164812146248, 1.5827006152623113, 9.812743814626316, 6.647342584101679]
[5.722071740258627, -4.450500242423374, -10.808357731599628, -7.629428987011508, 9.536786233764374, -5.086285991341001, -3.4968216190469263, -3.1789287445881342, 3.1789287445881342, -14.305179350646569, -10.808357731599635, -9.21889335930556, 28.928251575751943, -2.8610358701293137, 12.397822103893702, 7.9473218614703, -20.98092971428163, 1.2715714978352537, 9.536786233764374, 6.993643238093881]
[6.6601185132089, -5.074376010063929, -11.100197522014838, -7.9287125157248965, 9.83160351949887, -5.391524510692918, -3.17148500628997, -3.4886335069189442, 3.4886335069189442, -14.58883102893379, -10.465900520756854, -8.880158017611876, 28.543365056609602, -2.854336505660953, 11.73449452327283, 8.563009516982888, -20.61465254088472, 0.6342970012579912, 9.83160351949887, 6.9772670138378885]
[5.6904736924087445, -5.058198837696665, -10.432535102749398, -8.219573111257091, 10.432535102749398, -5.058198837696693, -3.7936491282725058, -3.161374273560426, 3.477511700916466, -13.91004680366585, -10.748672530105445, -9.167985393325232, 28.76850588939986, -3.7936491282725058, 12.013222239529597, 8.21957311125712, -20.232795350786716, 0.6322748547120796, 9.800260248037304, 6.638885974476906]
[-0.12896969367218958, -2.837333260788192, -3.9980605038379053, -3.3532120354769575, 3.8690908101657158, -3.48218172914914, -2.4504241797716233, -2.0635150987550475, 6.061575602592953, -4.9008483595432395, -3.353212035476954, -2.708363567115999, 10.059636106430862, -1.418666630394096, 3.48218172914914, 2.4504241797716233, -4.513939278526667, -1.0317575493775273, 2.7083635671160025, 1.9345454050828579]
[0.23494610772787894, -2.7018802388706114, -3.7591377236460666, -3.289245508190305, 4.111556885237881, -3.4067185620542446, -2.23198802341485, -1.997041915686971, 5.8736526931969735, -4.229029939101821, -2.8193532927345473, -2.349461077278791, 8.810479039795462, -1.2922035925033342, 3.4067185620542446, 2.114514969550914, -4.346502992965764, -1.0572574847754552, 2.701880238870608, 1.5271497002312167]
[0.14458024892686439, -3.3253457253179235, -4.915728463513467, -4.192827218879124, 5.783209957074661, -4.3374074678059955, -2.747024729610466, -2.602444480683598, 7.373592695270194, -5.638629708147796, -3.325345725317927, -2.8916049785373303, 10.988098918441853, -1.8795432360492654, 4.04824696995226, 2.747024729610466, -5.0603087124403245, -1.590382738195533, 3.325345725317927, 2.168703733902994]
[0.10224919716612035, -2.556229929152966, -3.476472703648035, -2.9652267178174405, 3.680971097980269, -2.86297752065132, -1.738236351824014, -1.5337379574917804, 4.498964675309217, -4.192217083810863, -2.556229929152966, -2.0449839433223715, 8.077686576123373, -0.7157443801628318, 3.1697251121496777, 1.9427347461562583, -4.703463069641458, -0.613495182996715, 2.453980731986846, 1.4314887603256636]
[-0.2867634991616228, -2.4852836594007535, -3.2499863238317523, -2.58087149245463, 3.5367498229933823, -2.3896958263468804, -1.4338174958081282, -1.1470539966465019, 3.5367498229933823, -4.014688988262755, -2.676459325508503, -2.198520160239129, 8.316141475687134, -0.8602904974848755, 2.867634991616253, 1.7205809949697546, -3.727925489101132, -0.8602904974848755, 2.102932327185254, 1.338229662754248]
[0.0, -2.880552890588408, -4.2008062987747685, -3.2406220019119587, 4.4408523729904665, -3.3606450390198113, -1.9203685937256054, -1.80034555661776, 5.040967558529719, -4.800921484314017, -3.0005759276962607, -2.64050681637271, 9.601842968628038, -0.8401612597549573, 3.6006911132355164, 2.280437705049156, -5.160990595637571, -0.8401612597549502, 2.8805528905884117, 1.6803225195099039]
[-0.4965287198470918, -4.4687584786237835, -5.792835064882674, -4.63426805190614, 6.454873358012122, -3.806720185494328, -2.3171340259530737, -1.9861148793883459, 5.461815918317953, -5.958344638165038, -3.8067201854943313, -2.979172319082519, 11.585670129765354, -0.6620382931294486, 4.965287198470868, 3.144681892364879, -7.613440370988663, -0.8275478664118125, 3.806720185494335, 2.3171340259530666]
[0.7347028571158774, -2.4490095237195746, -3.306162857021416, -2.9388114284634845, 1.959207618975654, -3.1837123808354377, -1.959207618975654, -1.7143066666036972, 4.77556857125316, -4.408217142695225, -2.9388114284634845, -2.326559047533589, 8.57153333301849, 0.3673514285579387, 3.4286133332073945, 2.3265590475335856, -6.3674247616708755, 0.3673514285579387, 2.816360952277499, 1.7143066666036972]
[0.7557633996333024, -1.700467649174925, -2.17281977394574, -2.17281977394574, 0.566822549724975, -2.739642323670715, -1.605997224220765, -1.3225859493582774, 4.0622282730289925, -3.4954057233040174, -2.3617606238540656, -1.8894084990832507, 6.990811446608031, 0.18894084990832738, 2.739642323670715, 1.700467649174925, -5.006932522570615, 0.47235212477081134, 2.2672901988999037, 1.5115267992666013]
[0.3490054093981598, -2.559373002253178, -3.3737189575155533, -2.9083784116513414, 2.9083784116513414, -3.141048684583449, -1.9776973199229104, -1.7450270469908027, 5.118746004506356, -4.537070322176092, -2.67570813871923, -2.326702729321074, 8.608800098487968, -0.23267027293210774, 3.1410486845834455, 1.977697319922914, -5.235081140972415, -0.23267027293210418, 2.443037865787126, 1.6286919105247506]
