[8.988035528777488, 1.5861239168431212, 4.229663778248209, 9.516743501058556, -37.53826603195314, -13.74640727930678, -10.045451473339597, -8.459327556496476, 23.263150780365322, -4.758371750529264, 12.160283362463716, 6.873203639653383, -21.677026863522258, -3.7009558059671974, 13.746407279306794, 7.930619584215435, -24.32056672492739, -3.1722478336861855, 12.160283362463701, 7.401911611934423]
[7.13630589094636, 1.7840764727366007, 4.014172063657313, 6.244267654578053, -30.329300036522, -12.934554427340274, -8.920382363682947, -7.5823250091305, 22.30095590920736, -5.798248536393913, 11.596497072787827, 3.5681529454731873, -15.610669136445154, -5.798248536393913, 12.93455442734026, 4.014172063657327, -16.056688254629307, -5.798248536393913, 11.150477954603687, 5.352229418209774]
[7.717751138851511, 1.3619560833267315, 4.085868249980237, 6.8097804166337, -31.77897527762393, -12.711590111049574, -8.171736499960431, -7.717751138851526, 22.24528269433675, -6.355795055524794, 12.257604749940668, 4.085868249980209, -16.343472999920877, -4.993838972198034, 13.16557547215848, 4.085868249980223, -17.251443722138703, -4.539853611089143, 10.895648666613923, 5.447824333306954]
[8.913043982121252, 2.4758455505892414, 3.9613528809427976, 7.427536651767696, -34.166668598131494, -13.369565973181878, -8.913043982121266, -8.417874872003424, 22.777779065421, -4.951691101178469, 12.379227752946178, 2.971014660707098, -17.826087964242518, -3.466183770824941, 13.369565973181906, 3.4661837708249266, -18.816426184478217, -3.9613528809427834, 11.88405864282835, 4.951691101178469]
[8.3372608041295, 1.9617084245010687, 4.4138439551273905, 7.356406591878965, -33.839470322643265, -13.241531865382157, -8.337260804129485, -8.3372608041295, 22.559646881762163, -5.885125273503164, 12.260677653131623, 3.923416849002109, -17.164948714384266, -4.9042710612526434, 13.241531865382143, 4.413843955127376, -18.145802926634786, -5.394698167377911, 11.770250547006356, 5.394698167377911]
[8.693374120874225, 3.0682496897202896, 4.602374534580463, 7.670624224300809, -35.796246380070315, -13.807123603741388, -9.20474906916094, -8.181999172587496, 23.523247621189057, -6.136499379440636, 12.272998758881243, 4.602374534580477, -17.89812319003515, -6.136499379440622, 13.807123603741402, 5.625124431153907, -18.920873086608594, -6.1364993794406075, 11.761623810594514, 6.647874327727351]
[7.921538002464871, 1.8638912946976234, 4.65972823674403, 7.455565178790465, -32.61809765720827, -13.513211886557713, -7.921538002464871, -8.387510826139263, 21.900722712696975, -5.125701060418436, 11.64932059186009, 4.193755413069638, -16.77502165227854, -5.591673884092842, 13.047239062883307, 4.193755413069624, -16.775021652278525, -5.12570106041845, 10.717374944511292, 5.125701060418436]
[8.106097384959725, 2.38414628969403, 3.8146340635104536, 7.629268127020907, -32.90121879777766, -13.351219222286602, -8.582926642898528, -8.10609738495971, 22.887804381062722, -6.198780353204484, 11.920731448470178, 4.291463321449257, -17.16585328579704, -4.768292579388088, 12.397560706408996, 5.245121837326877, -18.59634105961348, -4.76829257938806, 11.443902190531361, 5.245121837326877]
[8.294968759298882, 1.9517573551291605, 4.879393387822887, 7.8070294205166135, -34.15575371476018, -13.662301485904067, -8.782908098081194, -8.294968759298897, 22.933148922767543, -5.855272065387453, 12.198483469557203, 3.9035147102583068, -17.07787685738009, -5.855272065387467, 13.66230148590408, 4.39145404904059, -18.541694873726954, -4.39145404904059, 11.222604791992623, 5.36733272660517]
[7.977823953317767, 2.4930699854118075, 4.9861399708235865, 7.977823953317767, -34.90297979576522, -13.462577921223726, -8.975051947482484, -8.476437950400125, 22.936243865788583, -5.983367964988332, 12.963963924141368, 3.9889119766588834, -17.95010389496497, -5.983367964988318, 13.961191918306085, 4.487525973741242, -18.448717892047327, -4.986139970823615, 11.96673592997665, 5.484753967905974]
[14.811652664529205, 8.682692941275718, 5.107466436044575, 5.618213079648996, -36.77375833952078, -12.257919446506918, -8.682692941275747, -7.66119965406682, 18.38687916976039, -5.107466436044561, 10.725679515693557, 7.150453010462371, -20.94061238778265, -5.61821307964901, 12.257919446506918, 7.150453010462371, -21.962105674991562, -4.596719792440098, 10.214932872089108, 6.639706366857908]
[14.958218115606229, 9.284411244169391, 5.1580062467607775, 5.673806871436852, -37.65344560135364, -11.86341436754978, -8.768610619493316, -7.737009370141166, 18.053021863662707, -5.1580062467607775, 11.347613742873705, 6.705408120789002, -21.147825611719156, -5.1580062467607775, 11.86341436754978, 7.737009370141152, -22.69522748574741, -4.642205622084688, 10.31601249352154, 6.705408120789002]
[14.498137211575852, 8.998843786495371, 4.9993576591641045, 4.4994218932477, -34.995503614148674, -11.9984583819938, -8.498908020578966, -7.998972254662547, 18.497623338907133, -5.499293425080495, 10.4986510842446, 6.9991007228297235, -20.49736640257278, -4.99935765916409, 11.998458381993828, 6.9991007228297235, -20.9973021684892, -4.999357659164076, 10.498651084244585, 5.999229190996914]
[14.194897296969316, 8.111369883982448, 5.069606177489078, 5.069606177489021, -34.98028262467437, -12.167054825973707, -9.125291119480266, -7.60440926623356, 18.757542856709435, -6.083527412986825, 11.153133590475875, 6.590488030735742, -20.27842470995614, -5.576566795237952, 12.167054825973693, 7.097448648484658, -20.785385327705058, -5.0696061774890495, 10.139212354978085, 6.083527412986854]
[15.837867293435181, 8.738133679136638, 5.461333549460392, 6.553600259352493, -38.77546820116885, -13.653333873651007, -8.738133679136638, -8.192000324190602, 19.114667423111413, -6.007466904406442, 12.014933808812884, 7.645866969244565, -22.39146755278766, -6.007466904406428, 13.107200518704957, 7.645866969244565, -22.39146755278766, -5.461333549460406, 10.922667098920812, 7.099733614298529]
[14.892287522428674, 8.729961651078895, 5.648798715403984, 5.135271559458147, -36.46042807215298, -12.3246517426996, -8.729961651078881, -7.702907339187249, 17.973450458103585, -5.135271559458161, 11.297597430807969, 6.6758530272956165, -21.054613393778496, -4.621744403512352, 11.811124586753792, 6.675853027295631, -21.56814054972432, -4.108217247566543, 10.270543118916336, 6.1623258713498075]
[14.928092395968505, 8.459252357715513, 4.478427718790556, 4.976030798656183, -34.334612510727624, -12.440076996640428, -8.4592523577155, -7.46404619798426, 17.913710875162224, -4.9760307986561685, 9.952061597312351, 7.46404619798426, -20.401726274490315, -5.473633878521795, 12.440076996640443, 6.966443118118633, -21.39693243422154, -4.478427718790556, 9.952061597312351, 5.971236958387408]
[15.064440084549219, 8.830878670252986, 5.194634511913534, 5.194634511913478, -36.36244158339463, -12.467122828592451, -8.31141521906163, -7.791951767870287, 18.181220791697328, -5.7140979631048765, 11.428195926209753, 6.753024865487561, -20.77853804765408, -5.194634511913506, 11.947659377401095, 6.753024865487575, -21.298001498845437, -4.675171060722164, 9.869805572635684, 6.233561414296233]
[15.36070667357447, 8.704400448358882, 5.120235557858166, 5.632259113643954, -35.841648905007105, -12.288565338859598, -9.216424004144685, -7.680353336787235, 18.944871564075186, -5.632259113643968, 10.240471115716318, 7.168329781001432, -20.48094223143265, -5.632259113643968, 12.28856533885957, 6.656306225215616, -20.992965787218452, -4.608212002072349, 9.728447559930501, 6.656306225215616]
[15.378475352093034, 8.484676056327174, 5.833214788724945, 5.302922535204516, -37.6507499999519, -12.196721830970347, -9.014968309847632, -7.954383802806731, 18.560228873215706, -5.833214788724931, 11.666429577449875, 7.424091549286288, -21.741982394338407, -5.3029225352044875, 12.727014084490776, 6.893799295765831, -22.27227464785885, -4.242338028163601, 10.60584507040899, 6.363507042245388]
[8.186248712869428, 3.446841563313427, 4.739407149555987, 4.739407149555987, -31.883284460649335, -12.925655862425415, -8.186248712869428, -8.617103908283596, 21.973614966123193, -3.877696758727623, 12.49480066701122, 2.5851311724850916, -18.09591820739557, -2.5851311724850774, 12.063945471597037, 2.5851311724850916, -18.095918207395584, -3.4468415633134413, 9.909669494526142, 3.8776967587276374]
[8.574927820463273, 3.001224737162133, 3.8587175192084686, 4.7162103012548044, -29.583500980598274, -12.862391730694895, -8.146181429440091, -8.574927820463273, 22.29481233320449, -5.573703083301126, 11.57615255762542, 4.287463910231622, -16.29236285888021, -4.71621030125479, 12.433645339671742, 4.2874639102316365, -17.5786020319497, -4.2874639102316365, 9.432420602509595, 4.7162103012548044]
[1.554659157570434, 0.8111265169932729, 1.1490958990737994, 0.9463142698254785, -5.4751039897045715, -1.8926285396509677, -1.216689775489904, -1.1490958990737994, 3.0417244387247635, -0.8111265169932693, 1.6222530339865386, 0.5407510113288474, -2.500973427395916, -0.7435326405771647, 1.6222530339865422, 0.5407510113288438, -2.2981917981475988, -0.9463142698254821, 1.2842836519060121, 0.6759387641610584]
[-2.4000113344412775, -1.3565281455537637, -1.6695731022200135, -1.4608764644425136, 8.556562148877582, 2.400011334441274, 1.5652247833312671, 1.4608764644425136, -3.4434945233287806, 1.6695731022200135, -2.504359653330024, -0.9391348699987603, 3.5478428422175377, 1.4608764644425136, -2.400011334441274, -0.7304382322212604, 3.1304495666625343, 1.2521798266650137, -1.7739214211087706, -0.8347865511100068]
[10.413497780227203, 3.786726465537157, 7.100112122882166, 5.206748890113602, -35.50056061441087, -13.253542629380064, -8.52013454745861, -8.993475355650759, 21.773677176838675, -3.313385657345023, 11.833520204803634, 2.840044849152875, -18.933632327685814, -2.3667040409607125, 12.306861012995768, 1.8933632327685785, -17.986950711301503, -2.840044849152889, 9.466816163842907, 3.313385657345023]
[12.304594584365333, 3.9150982768435085, 5.592997538347873, 6.152297292182652, -40.2695822761047, -14.541793599704462, -11.74529483053054, -8.948796061356603, 25.168488922565444, -5.033697784513095, 12.863894338200112, 9.508095815191382, -26.287088430235002, -1.6778992615043649, 13.982493845869698, 8.948796061356589, -27.96498769173938, -1.6778992615043649, 11.185995076695761, 8.38949630752181]
[10.349840578116044, 3.7635783920422057, 6.115814887068552, 5.645367588063294, -34.342652827385024, -13.172524372147691, -9.879393279110758, -7.997604083089669, 22.111023053247905, -3.7635783920422057, 10.820287877121316, 8.468051382094941, -22.581470352253177, -2.352236495026375, 11.761182475131875, 7.997604083089655, -23.52236495026372, -1.4113418970158165, 9.879393279110758, 7.527156784084383]
[14.262600999164931, 7.416552519565755, 8.55756059949897, 7.416552519565755, -42.217298957528214, -14.262600999164931, -11.41008079933195, -9.128064639465563, 22.8201615986639, -5.705040399665975, 11.41008079933195, 9.698568679432157, -24.531673718563695, -4.564032319732775, 13.121592919231745, 9.698568679432157, -26.24318583846349, -2.8525201998329806, 10.269072719398736, 7.987056559532391]
[15.18712925534399, 6.603099676236525, 11.22526944960208, 7.923719611483818, -53.48510737751579, -17.16805915821493, -12.545889384849403, -10.564959481978406, 27.733018640193364, -11.22526944960208, 13.866509320096668, 11.22526944960208, -23.771158834451455, -11.225269449602067, 15.847439222967623, 11.885579417225728, -24.431468802075102, -9.244339546731112, 13.206199352473021, 11.22526944960208]
[12.067681854942265, 4.388247947251756, 7.130902914284064, 6.033840927471147, -39.49423152526565, -14.261805828568157, -9.873557881316415, -8.776495894503483, 23.03830172307164, -10.422088874722874, 13.164743841755211, 9.873557881316401, -20.84417774944575, -9.87355788131643, 14.81033682197463, 9.873557881316401, -20.295646756039275, -8.22796490109701, 11.519150861535806, 9.325026887909942]
