[2.9556386952217366, -4.729021912354767, -9.753607694231675, -8.275788346620821, 10.935863172320374, 0.5911277390443388, 3.546766434266061, 2.9556386952217224, -13.300374128497744, -0.8866916085665153, 5.911277390443438, 5.615713520921268, -15.66488508467512, 2.9556386952217224, 7.684660607576475, 5.320149651399106, -20.09834312750771, 3.8423303037882377, 5.911277390443445, 3.8423303037882306]
[1.2171397113796587, -3.8542757527022786, -7.099981649714707, -5.679985319771774, 7.099981649714714, 0.6085698556898294, 2.6371360413226057, 2.2314228041960575, -9.9399743096006, 0.40571323712655527, 3.8542757527022715, 3.4485625155757162, -10.954257402416985, 2.839992659885894, 5.274272082645211, 3.6514191341389974, -14.199963299429431, 3.2457058970124386, 4.259988989828827, 2.839992659885894]
[2.3791469947717303, -5.2869933217149665, -9.780937645172692, -6.873091318229449, 11.102685975601425, -1.5860979965144892, 3.436545659114728, 3.1721959930289856, -10.309636977344184, -2.907846326943229, 4.493944323457711, 5.022643655629224, -10.838336309515682, 0.7930489982572482, 6.344391986057957, 5.286993321714959, -16.38967929731639, 2.114797328685988, 5.2869933217149665, 4.229594657371976]
[2.479896428116689, -3.5131866064986426, -6.819715177320887, -5.993083034615331, 8.26632142705563, -0.6199741070291793, 2.6865544637930796, 2.273238392440298, -8.472979462732013, -2.273238392440298, 5.1664508919097685, 4.546476784880596, -10.332901783819537, -0.826632142705563, 6.406399105968106, 4.959792856233378, -12.606140176259828, 0.4133160713527815, 4.3398187492042055, 3.099870535145861]
[1.4124375563834235, -3.2956876315613215, -5.8066877317985295, -4.865062694209573, 6.748312769387475, -1.0985625438537774, 2.197125087707551, 2.04018758144273, -6.120562744328179, -2.511000100237201, 3.45262513782615, 3.7665001503557995, -7.062187781917125, -0.15693750626482483, 5.178937706739227, 3.923437656620628, -10.357875413478453, 0.941625037588949, 3.9234376566206244, 2.6679376065020257]
[1.4124375563834235, -3.2956876315613215, -5.8066877317985295, -4.865062694209573, 6.748312769387475, -1.0985625438537774, 2.197125087707551, 2.04018758144273, -6.120562744328179, -2.511000100237201, 3.45262513782615, 3.7665001503557995, -7.062187781917125, -0.15693750626482483, 5.178937706739227, 3.923437656620628, -10.357875413478453, 0.941625037588949, 3.9234376566206244, 2.6679376065020257]
[3.387989333602306, -4.0039873942572655, -9.855968970479452, -7.699975758187058, 9.239970909824471, -4.0039873942572655, 3.079990303274826, 4.311986424584745, -9.547969940151944, -6.159980606549652, 5.5439825458946785, 7.391976727859586, -11.087965091789371, -2.1559932122923797, 9.239970909824471, 7.391976727859586, -17.555944728666503, -0.3079990303274798, 7.083977697532092, 5.5439825458946785]
[2.1583026312033837, -4.3166052624067675, -8.633210524813542, -6.474907893610151, 9.832267542148756, -3.597171052005649, 3.1175482450715606, 3.597171052005642, -7.673964910945365, -4.796228069340856, 4.556416665873812, 5.0360394728079, -8.15358771787946, -2.1583026312033837, 6.714719297077195, 5.0360394728079, -12.230381576819184, -0.9592456138681698, 5.755473683209026, 3.597171052005649]
[1.4521759581506757, -2.4686991288561515, -4.501745470267085, -3.6304398953766857, 2.6139167246712134, -0.8713055748904068, 2.6139167246712134, 2.3234815330410825, -7.115662194938306, -1.4521759581506721, 3.775657491191751, 3.3400047037465512, -7.551314982383502, -0.145217595815069, 4.646963066082154, 3.4852222995616167, -9.003490940534178, 0.290435191630138, 3.775657491191751, 2.6139167246712134]
[-1.6413687700239095, 1.641368770023906, 2.626190032038256, 1.9696425240286892, 0.7659720926778277, 0.0, -2.5167654473699947, -1.9696425240286892, 6.784324249432153, 0.1094245846682611, -3.39216212471608, -2.6261900320382523, 7.112598003436936, -0.10942458466825755, -3.72043587872086, -2.8450392013747745, 7.003173418768675, 0.1094245846682611, -2.626190032038256, -1.8602179393604281]
[2.601256141080185, -4.624455361920326, -10.405024564320719, -8.09279688336057, 12.428223785160874, -0.5780569202400372, 3.179313061320215, 2.023199220840141, -10.983081484560763, -2.023199220840148, 4.624455361920326, 4.624455361920326, -11.850166864920823, 2.890284601200193, 7.225711503000511, 4.913483822040341, -18.497821447681297, 6.358626122640445, 6.0695976625204295, 2.8902846012002]
[2.5565991958462746, -4.793623492211779, -11.824271280789048, -8.94809718546199, 16.298319873520057, -1.5978744974039358, 1.2782995979231515, 2.2370242963654903, -9.587246984423558, -2.556599195846289, 2.876174095327073, 4.474048592730995, -10.545971682865918, 1.2782995979231444, 7.030647788577269, 5.752348190654146, -18.215769270404763, 5.113198391692563, 6.071923090134916, 4.474048592730995]
[2.7072354047733143, -4.512059007955514, -11.129745552956948, -8.723314082047338, 14.739392759321362, -1.8048236031822142, 1.8048236031822142, 2.4064314709096095, -9.32492194977474, -3.008039338637012, 3.008039338637012, 4.812862941819212, -10.528137685229538, 2.4064314709096095, 6.918490478865131, 5.715274743410326, -18.950647833413186, 5.113666875682924, 6.016078677274024, 3.6096472063644143]
[2.0234784817535285, -4.046956963507057, -9.105653167890871, -7.08217468613735, 9.611522788329253, 1.2646740510959589, 2.782282912411098, 1.5176088613151464, -11.1291316496444, 0.7588044306575696, 4.299891773726252, 3.541087343068668, -12.646740510959546, 4.2998917737262445, 6.0704354452605855, 3.7940221532878695, -16.69369747446661, 6.576305065698968, 5.311631014603009, 2.782282912411098]
[2.8991321899544573, -3.768871846940783, -10.436875883836045, -8.407483350867928, 11.306615540822378, 1.4495660949772287, 3.1890454089499087, 1.7394793139726659, -13.336008073790495, 1.1596528759817915, 4.638611503927123, 4.058785065936235, -15.075487387763168, 5.50835116091347, 6.668004036895248, 4.63861150392713, -19.714098891690305, 8.117570131872476, 5.508351160913463, 2.8991321899544573]
[4.251250794589666, -4.959792593687936, -12.399481484219848, -10.628126986474143, 14.879377781063809, 1.4170835981965553, 2.4798962968439753, 2.479896296843961, -14.525106881514674, 0.35427089954913527, 4.605521694138801, 5.314063493237072, -16.6507322788095, 4.605521694138801, 8.148230689630182, 5.314063493237086, -22.673337571144863, 7.79395979008104, 6.731147091433627, 2.8341671963931105]
[5.973381151703066, -5.475599389061145, -17.422361692467234, -13.44010759133188, 24.889088132096063, -1.991127050567684, 1.493345287925763, 1.493345287925763, -12.444544066048024, -3.484472338493447, 3.484472338493447, 5.973381151703052, -14.933452879257644, 1.4210854715202004e-14, 9.457853490196499, 6.968944676986894, -24.391306369454156, 5.475599389061145, 8.960071727554592, 5.973381151703052]
[4.88647968110061, -4.479273041008895, -14.659439043301802, -10.994579282476366, 17.91709216403555, 0.40720664009171514, 2.443239840550291, 2.036033200458604, -14.65943904330183, -0.40720664009171514, 4.479273041008895, 4.88647968110061, -16.695472243760406, 4.479273041008895, 8.551339441926046, 5.293686321192325, -23.617985125319585, 8.551339441926054, 6.515306241467471, 3.2576531207337354]
[3.9654582058728494, -4.2959130563622665, -11.56591976712916, -9.252735813703339, 12.557284318597382, 2.3131839534258347, 2.3131839534258347, 1.9827291029364176, -14.209558571044397, 2.3131839534258347, 4.295913056362252, 3.6350033553834606, -15.861832823491433, 5.617732458319885, 7.270006710766907, 4.626367906851655, -21.479565281811304, 7.930916411745713, 6.278642159298698, 3.6350033553834464]
[2.4126160020298926, -4.222078003552312, -11.15834900938826, -8.142579006850895, 14.47569601217937, -0.9047310007612168, 1.50788500126869, 2.111039001776149, -9.952041008373307, -1.5078850012686829, 3.0157700025373657, 4.222078003552312, -11.15834900938826, 2.4126160020298997, 6.634694005582212, 5.126809004313515, -18.094620015224194, 5.729963004820988, 5.729963004821002, 3.618924003044839]
[4.201931773817719, -7.757412505509635, -16.161276053145087, -12.92902084251606, 19.393531263774094, -2.909029689566111, 5.171608337006425, 4.525157294880614, -15.191599489956367, -5.4948338580693274, 7.4341869844467325, 6.787735942320936, -15.514825011019276, -1.292902084251601, 12.282569800390263, 8.403863547635424, -24.888365121843414, 1.2929020842516081, 10.989667716138648, 7.43418698444674]
[3.919880245502199, -7.839760491004398, -15.076462482700776, -12.061169986160621, 18.39328422889494, -3.0152924965401553, 4.522938744810233, 4.522938744810233, -13.870345484084709, -5.427526493772277, 6.935172742042354, 6.6336434923883445, -14.47340398339275, -1.5076462482700705, 11.45811148685258, 7.839760491004405, -22.916222973705175, 1.2061169986160607, 10.251994488236527, 6.63364349238833]
[3.5877030555804197, -7.175406111160854, -14.074835064200137, -11.039086324862858, 16.558629487294283, -2.759771581215716, 4.691611688066715, 4.139657371823574, -13.246903589835426, -4.967588846188285, 6.623451794917713, 6.347474636796143, -14.074835064200144, -0.2759771581215702, 10.763109166741287, 7.175406111160854, -22.07817264972571, 1.379885790607858, 9.383223376133422, 6.071497478674566]
[3.1681067608793754, -6.336213521758744, -13.46445373373735, -10.824364766337865, 16.10454270113683, -2.3760800706595333, 4.4881512445791145, 4.2241423478391695, -13.200444836997406, -5.0161690380590045, 6.864231315238641, 6.072204625018806, -13.99247152721724, -0.52801779347989, 10.560355869597913, 6.864231315238648, -21.120711739195833, 1.3200444836997391, 8.712293592418277, 5.808195728278854]
[4.534671237508178, -6.668634172806151, -13.604013712524534, -10.936560043402082, 16.271467381647, -2.4007083022102123, 4.267925870595931, 4.267925870595938, -13.337268345612294, -4.8014166044204245, 6.401888805893897, 5.601652705157164, -12.803777611787801, -1.3337268345612259, 10.669814676489835, 6.935379539718383, -20.80613861915517, 1.3337268345612259, 9.336087841928602, 5.601652705157164]
[4.1507538636455195, -6.917923106075861, -13.835846212151736, -11.06867696972138, 16.60301545458207, -3.0438861666733743, 4.704187712131585, 4.1507538636455195, -13.005695439422631, -5.811055409103723, 6.641206181832835, 6.3644892575897885, -13.282412363665664, -1.106867696972131, 10.515243121235315, 7.194640030318894, -21.03048624247063, 0.8301507727291053, 9.131658500020144, 6.087772333346763]
[4.572981731240944, -8.002718029671648, -13.718945193722824, -11.146642969899794, 17.14868149215353, -3.7155476566332695, 4.858793089443502, 4.287170373038386, -12.86151111911515, -6.287849880456292, 6.8594725968614085, 6.5736612386588575, -13.147322477317708, -1.7148681492153557, 11.146642969899801, 7.431095313266525, -21.721663223394472, 0.5716227164051233, 9.431774820684439, 6.002038522253734]
[3.9412229028414956, -7.037898040788377, -14.075796081576762, -11.26063686526141, 17.17247121952365, -3.096675137946889, 4.504254746104557, 3.9412229028415027, -12.949732395050617, -5.630318432630709, 6.474866197525309, 6.7563821191568465, -13.512764238313693, -1.1260636865261375, 10.697605021998335, 7.600929884051453, -22.239757808891284, 1.1260636865261446, 9.571541335472197, 6.193350275893778]
[4.0826712670043435, -7.3488082806078125, -13.608904223347793, -10.070589125277365, 16.0585069835504, -3.538315098070427, 4.6270274359382455, 4.354849351471302, -12.520191885479974, -5.987917858273029, 6.532274027206938, 6.260095942739987, -12.520191885479974, -1.6330685068017345, 10.88712337867824, 7.076630196140854, -20.685534419488647, -7.105427357601002e-15, 8.981876787409547, 6.260095942739987]
[4.401173548153132, -6.8768336689892635, -13.478593991218972, -10.72786052362325, 15.954254112055096, -3.5759535078744236, 4.676246894912701, 4.126100201393562, -12.378300604180673, -6.326686975470132, 6.876833668989271, 6.326686975470125, -12.928447297699826, -1.3753667337978541, 11.002933870382833, 7.151907015748833, -21.455721047246513, 0.8252200402787082, 9.35249378982541, 6.051613628710548]
