[4.430418336660409, -0.2769011460412827, 0.0, -3.5997148985365754, -9.691540111444631, -5.261121774784229, 6.368726358949324, 4.9842206287429605, -8.307034381238253, -6.091825212908056, 7.476330943114434, 5.814924066866773, -9.13773781936208, -5.261121774784229, 8.030133235196978, 5.81492406686678, -9.414638965403356, -2.2152091683302046, 6.091825212908063, 5.261121774784229]
[6.935388890263525, 9.247185187018033, 6.935388890263518, 5.490516204791952, -8.958210649923714, 8.958210649923714, 2.8897453709431318, -2.3117962967545083, -10.981032409583904, 11.847956020866846, 2.8897453709431318, -2.60077083384882, -14.159752317621347, 11.558981483772527, 3.756668982226074, -2.0228217596601894, -15.893599540187239, 10.114108798300975, 3.756668982226067, -0.8669236112829353]
[8.085862310654306, -3.032198366495379, 0.5053663944159013, -3.537564760911266, -30.82735005936955, -0.5053663944159013, 12.128793465981474, 11.118060677149685, -26.279052509626524, 0.505366394415887, 15.666358226892726, 12.128793465981488, -28.3005180872901, -0.5053663944159013, 17.182457410140415, 10.612694282733784, -22.236121354299357, 0.5053663944159013, 12.12879346598146, 9.096595099486109]
[20.604947726419397, 19.427522142052595, 15.895245388952091, 11.185543051484814, -27.669501232620334, 25.90336285607009, 8.241979090567767, -2.3548511687336457, -34.145341946637856, 33.556629154454455, 6.475840714017522, -5.2984151296507065, -37.08890590755492, 32.96791636227104, 7.064553506200937, -3.5322767531004757, -36.5001931153715, 25.31465006388669, 7.064553506200937, -1.1774255843668158]
[6.985937664203732, -2.540340968801331, 2.540340968801331, -1.2701704844006656, -48.26647840722586, 1.2701704844006798, 17.147301539409185, 15.877131055008505, -36.19985880541938, 3.1754262110016924, 21.592898234811557, 14.60696057060784, -34.929688321018716, 1.9052557266010268, 21.592898234811557, 13.971875328407492, -26.038494930213943, 1.2701704844006656, 13.971875328407492, 11.431534359606133]
[25.29392924009761, 23.34824237547471, 16.21405720519077, 12.32268347594497, -33.076676698589154, 31.130989833966268, 10.376996611322099, 0.6485622882076285, -44.102235598118895, 36.96805042783495, 10.376996611322085, -1.9456868646228855, -46.69648475094941, 35.670925851419696, 9.079872034906828, -1.9456868646228997, -42.805111021703624, 27.888178392928126, 8.431309746699185, 0.6485622882076427]
[8.474079534854269, -3.91111363147121, 0.6518522719118778, -3.91111363147121, -44.977806761918714, 2.6074090876474543, 16.94815906970851, 14.340749982061055, -37.15557949897635, 3.9111136314711956, 21.511124973091555, 14.340749982061055, -35.85187495515261, 3.259261359559318, 22.162977245003447, 13.688897710149178, -28.681499964122082, 2.6074090876474543, 14.340749982061055, 12.385193166325422]
[19.252270084785977, 23.102724101743206, 17.32704307630739, 11.551362050871589, -35.29582848877432, 29.520147463338517, 10.909619714712065, 0.6417423361595382, -42.35499418652918, 35.93757082493384, 10.909619714712065, -0.6417423361595382, -46.20544820348637, 35.93757082493384, 8.984392706233464, -0.6417423361595382, -42.99673652268871, 28.878405127178993, 8.342650370073926, 0.0]
[4.370875380225556, -3.1788184583458587, 0.0, -3.973523072932295, -19.4702630573683, -4.370875380225542, 9.139103067744301, 9.139103067744315, -15.89409229172923, -4.768227687518774, 12.317921526090153, 9.536455375037534, -17.880853828195377, -4.3708753802255345, 12.715273833383378, 8.741750760451083, -15.496739984436005, -1.5894092291729152, 8.344398453157837, 7.947046145864604]
[15.597354802332916, 13.695238363024018, 8.7497356208209, 7.22804246937379, -15.597354802332902, 14.075661650885792, 5.70634931792668, -1.141269863585336, -20.923280832397808, 17.4994712416418, 5.70634931792668, -1.902116439308898, -23.586243847430254, 16.738624665918245, 6.086772605788454, -0.38042328786178103, -23.96666713529204, 14.45608493874758, 6.467195893650235, 0.0]
[2.891686138118672, -1.686816913902554, -0.48194768968644297, -3.61460767264834, -7.470189190139898, -4.096555362334783, 4.096555362334783, 4.819476896864451, -6.74726765561023, -5.301424586550894, 6.265319965923787, 5.301424586550894, -7.952136879826348, -4.578503052021226, 6.265319965923787, 5.301424586550894, -7.470189190139898, -2.650712293275447, 4.337529207178008, 4.578503052021226]
[8.60034821931707, 8.60034821931707, 5.897381636103134, 4.668760461914978, -9.828969393505218, 8.108899749641807, 3.6858635225644534, -0.7371727045128864, -12.28621174188153, 10.07469362834285, 4.177311992239723, -1.2286211741881559, -14.252005620582565, 9.828969393505218, 4.423036227077347, -0.49144846967526234, -14.743454090257828, 8.60034821931707, 4.423036227077347, 0.24572423483763117]
[1.9363544622943891, -5.809063386883167, -1.9363544622943891, -4.3567975401623755, -27.10896247212142, -1.9363544622943891, 9.197683695898334, 10.165860927045543, -19.847633238517474, -1.9363544622943891, 13.55448123606071, 12.102215389339932, -21.783987700811863, -2.9045316934415837, 13.55448123606071, 11.134038158192737, -15.490835698355113, -3.872708924588764, 8.713595080324737, 8.713595080324751]
[21.11096472345517, 17.416545896850522, 13.194352952159477, 10.555482361727599, -34.305317675614674, 23.749835313887075, 10.555482361727599, 1.5833223542591384, -37.47196238413295, 29.55535061283726, 9.49993412555483, -0.5277741180863842, -38.52751062030569, 29.02757649475086, 10.027708243641214, 0.0, -36.94418826604657, 22.69428707771432, 10.555482361727584, 2.6388705904318925]
[4.635632894977533, -2.7813797369865085, -2.781379736986537, -6.026322763470773, -20.860348027398913, -4.635632894977533, 8.80770250045731, 9.271265789955066, -16.688278421919108, -3.708506315982035, 12.052645526941589, 10.198392368950579, -17.61540500091462, -4.635632894977547, 11.125518947946077, 9.271265789955066, -11.125518947946077, -5.562759473973031, 6.9534493424662855, 6.489886052968558]
[8.277665653790422, 12.41649848068566, 10.158953302379174, 7.901408124072688, -24.080481901935812, 16.179073777863124, 6.772635534919452, 0.7525150594354884, -25.96176955052455, 20.694164134476097, 6.0201204754839495, -0.7525150594354955, -25.585512020806803, 20.31790660475835, 5.643862945766202, -0.37625752971774773, -24.45673943165356, 15.802816248145376, 6.396378005201704, 1.505030118870991]
[8.277665653790422, 12.41649848068566, 10.158953302379174, 7.901408124072688, -24.080481901935812, 16.179073777863124, 6.772635534919452, 0.7525150594354884, -25.96176955052455, 20.694164134476097, 6.0201204754839495, -0.7525150594354955, -25.585512020806803, 20.31790660475835, 5.643862945766202, -0.37625752971774773, -24.45673943165356, 15.802816248145376, 6.396378005201704, 1.505030118870991]
[8.277665653790422, 12.41649848068566, 10.158953302379174, 7.901408124072688, -24.080481901935812, 16.179073777863124, 6.772635534919452, 0.7525150594354884, -25.96176955052455, 20.694164134476097, 6.0201204754839495, -0.7525150594354955, -25.585512020806803, 20.31790660475835, 5.643862945766202, -0.37625752971774773, -24.45673943165356, 15.802816248145376, 6.396378005201704, 1.505030118870991]
[8.277665653790422, 12.41649848068566, 10.158953302379174, 7.901408124072688, -24.080481901935812, 16.179073777863124, 6.772635534919452, 0.7525150594354884, -25.96176955052455, 20.694164134476097, 6.0201204754839495, -0.7525150594354955, -25.585512020806803, 20.31790660475835, 5.643862945766202, -0.37625752971774773, -24.45673943165356, 15.802816248145376, 6.396378005201704, 1.505030118870991]
[8.277665653790422, 12.41649848068566, 10.158953302379174, 7.901408124072688, -24.080481901935812, 16.179073777863124, 6.772635534919452, 0.7525150594354884, -25.96176955052455, 20.694164134476097, 6.0201204754839495, -0.7525150594354955, -25.585512020806803, 20.31790660475835, 5.643862945766202, -0.37625752971774773, -24.45673943165356, 15.802816248145376, 6.396378005201704, 1.505030118870991]
[-0.20666128405075845, 0.826645136203032, 0.8266451362030303, 1.1366370622791653, 1.4466289883553038, 1.0333064202537887, -0.6716491731649619, -0.9299757782284104, 1.136637062279167, 1.4466289883553038, -0.9299757782284104, -1.3432983463299237, 1.3432983463299237, 1.6532902724060623, -0.9816410992411004, -1.3432983463299237, 0.9299757782284104, 1.3432983463299237, -0.41332256810151513, -0.8266451362030303]
[-0.8137367489753329, -0.7140955144069245, -0.5148130452701083, -0.3321374485613604, 1.0628398353963533, -0.5646336625543129, -0.3653511934174962, -0.1826755967087479, 1.262122304533169, -0.6974886419788566, -0.3985649382736325, -0.14946185185261252, 1.4614047736699853, -0.6808817695507883, -0.43177868312976875, -0.1826755967087479, 1.5610460082383932, -0.6310611522665841, -0.46499242798590457, -0.28231683127715623]
[-0.10965998539007771, 0.43863994156031083, 0.4112249452127923, 0.6579599123404662, 0.7402049013830254, 0.52088493060287, -0.3289799561702331, -0.4386399415603117, 0.5208849306028691, 0.7676198977305457, -0.46605493790783115, -0.712789905035506, 0.712789905035506, 0.8498648867731031, -0.4934699342553497, -0.6853749086879866, 0.46605493790783026, 0.712789905035506, -0.191904974432636, -0.46605493790783026]
[-1.79364416952229, -1.5374092881619648, -1.1713594576472106, -0.7687046440809819, 2.3427189152944212, -1.207964440698687, -0.768704644080981, -0.4392597966177041, 2.8185836949636, -1.5374092881619639, -0.9151245762868836, -0.32944484746327696, 3.2212385085298294, -1.464199322059013, -0.9883345423898344, -0.40265481356622956, 3.4042634237872065, -1.3543843729045868, -1.0615445084927853, -0.5856797288236049]
[-0.14550786292698703, 0.7760419356105892, 0.8245445565862486, 1.0670576614645597, 1.2610681453672061, 1.018555040488895, -0.582031451707941, -0.8245445565862486, 0.9215497985375745, 1.3580733873185284, -0.727539314634928, -1.3095707663428655, 1.1640629034158803, 1.5520838712211766, -0.7275393146349263, -1.2125655243915432, 0.6305340726836022, 1.3095707663428673, -0.33951834682963167, -0.7275393146349263]
[-0.34152588478099033, -0.2692800245388576, -0.2036019697732827, -0.1510595259608225, 0.4334751614527952, -0.21016977524984015, -0.1379239150077075, -0.09194927667180508, 0.5057210216949278, -0.2692800245388576, -0.17076294239049516, -0.06567805476557509, 0.584534687413618, -0.26271221906230036, -0.1773307478670525, -0.07881366571869008, 0.6239415202729629, -0.2561444135857427, -0.1904663588201676, -0.10508488762491996]
[-0.15934390031688395, 0.902948768462343, 0.9029487684623412, 1.2216365690961108, 1.380980469412993, 1.1154073022181876, -0.6373756012675358, -0.8498341350233805, 0.9560634019013037, 1.4872097362909145, -0.9029487684623412, -1.3278658359740323, 1.2216365690961108, 1.7527829034857216, -0.9560634019013019, -1.2747512025350716, 0.7436048681454572, 1.4340951028519555, -0.3186878006337679, -0.902948768462343]
[-1.7803670992108849, -1.431275511130318, -1.0821839230497536, -0.7330923349691867, 2.304004481331731, -1.1170930818578082, -0.7680014937772448, -0.4538190645047351, 2.688005228220355, -1.4312755111303188, -0.8727289702014138, -0.3840007468886224, 3.14182429272509, -1.3963663523222625, -0.9425472878175274, -0.4538190645047351, 3.351279245573428, -1.2916388758980908, -1.01236560543364, -0.5934556997369622]
[-0.1598214832509477, 0.9056550717553637, 0.9056550717553637, 1.278571866007571, 1.2252980382572556, 1.118750382756625, -0.5860121052534701, -0.8523812440050484, 0.958928899505679, 1.5449410047591492, -0.8523812440050484, -1.3318456937578862, 1.2252980382572556, 1.5982148325094645, -0.8523812440050484, -1.278571866007571, 0.8523812440050467, 1.4383933492585186, -0.37291679425220803, -0.9056550717553629]
[-1.904833057635921, -1.5619631072614544, -1.180996495734271, -0.8762232065125231, 2.476282974926696, -1.2190931568869887, -0.8000298842070865, -0.4952565949853396, 2.933442908759318, -1.5238664461087374, -0.9143198676652409, -0.4571599338326209, 3.390602842591938, -1.4857697849560179, -1.028609851123397, -0.4952565949853387, 3.657279470660967, -1.4095764626505813, -1.0667065122761157, -0.6857399007489313]
[-0.06149163911652167, 0.22136990081947783, 0.2090715729961734, 0.28286153993599905, 0.30745819558260834, 0.2090715729961734, -0.12298327823304334, -0.18447491734956456, 0.2336682286427818, 0.3074581955826079, -0.15987826170295572, -0.30745819558260834, 0.30745819558260834, 0.3566515068758249, -0.2090715729961734, -0.2951598677593037, 0.22136990081947783, 0.3074581955826079, -0.09838662258643449, -0.22136990081947783]
[-0.5920319366823601, -0.48546618807953523, -0.367059800743063, -0.2723346908738855, 0.7814821564207153, -0.35521916200941606, -0.26049405214023835, -0.16576894227106087, 0.9117291824908345, -0.4736255493458881, -0.29601596834118005, -0.13024702607011918, 1.0538168472946008, -0.4736255493458881, -0.31969724580847414, -0.15392830353741394, 1.1367013184301316, -0.4381036331449466, -0.3433785232757689, -0.20129085847200234]
[-0.22215284896029175, 0.8886113958411634, 0.9441496080812328, 1.3329170937617398, 1.3329170937617434, 1.055226032561377, -0.5553821224007258, -0.7219967591209429, 0.8330731836010887, 1.4995317304819586, -0.6664585468808699, -1.3329170937617416, 1.1107642448014499, 1.6661463672021775, -0.6664585468808699, -1.2773788815216687, 0.610920334640797, 1.3884553060018145, -0.22215284896028997, -0.8886113958411617]
[-1.1560666091017255, -0.9067189090993919, -0.7027071545520291, -0.5213633727321509, 1.5187541727414828, -0.7027071545520296, -0.4760274272771814, -0.34001959091227185, 1.7227659272888456, -0.8840509363719073, -0.5666993181871205, -0.24934770000233275, 1.9947816000186633, -0.9067189090993928, -0.6120352636420896, -0.3173516181847873, 2.198793354566026, -0.8387149909169374, -0.6347032363695746, -0.40802350909472684]
[-0.21539836994434403, 0.8615934797773761, 0.8615934797773797, 1.2923902196660677, 1.3462398121521524, 0.9154430722634643, -0.4846463323747763, -0.8077438872912914, 1.0231422572356372, 1.3462398121521524, -0.7000447023191185, -1.3462398121521524, 1.292390219666066, 1.6154877745825846, -0.7538942948052068, -1.2385406271799813, 0.7000447023191203, 1.2923902196660677, -0.3230975549165169, -0.8077438872912932]
[-1.9865389055987475, -1.7027476333703548, -1.2567899198685941, -0.8919154270035197, 2.5946630603738736, -1.2973315301869368, -0.8108322063668352, -0.5270409341384434, 3.0406207738756335, -1.5811228024153294, -0.9324570373218606, -0.44595771350175983, 3.4865784873773924, -1.5405811920969876, -1.0946234785952278, -0.5270409341384434, 3.8514529802424686, -1.4594979714603031, -1.1351650889135696, -0.7297489857301525]
[-0.14649329175435355, 0.5493498440788294, 0.6225964899560079, 0.8789597505261302, 0.9155830734647186, 0.6225964899560079, -0.32960990644729904, -0.4761031982016526, 0.6225964899560079, 0.9155830734647186, -0.4761031982016526, -0.8423364275875418, 0.8057131046489516, 1.062076365219074, -0.5127265211402428, -0.84233642758754, 0.512726521140241, 0.8789597505261302, -0.2197399376315321, -0.5493498440788311]
[-0.933596356451317, -0.7688440582540252, -0.5857859491459245, -0.36611621821620277, 1.189877709202659, -0.5857859491459245, -0.3661162182162023, -0.25628135275134234, 1.3912416292215704, -0.7139266255215952, -0.43933946185944306, -0.21966973092972175, 1.6109113601512917, -0.695620814610785, -0.4942568945918735, -0.2562813527513419, 1.7390520365269633, -0.6590091927891653, -0.5125627055026838, -0.3295045963945826]
[-0.09006254898052823, 0.39027104558228487, 0.5103544442229868, 0.720500391844217, 0.6304378428636905, 0.600416993203515, -0.27018764694158204, -0.390271045582284, 0.45031274490263584, 0.8105629408247443, -0.42029189524246036, -0.720500391844217, 0.7205003918442179, 0.9006254898052708, -0.48033359456281133, -0.6904795421840415, 0.48033359456281133, 0.7505212415043934, -0.24016679728140566, -0.4803335945628122]
[-2.2910793714690456, -1.8418481221613892, -1.4375399977844996, -0.943385623546078, 2.9200031204997643, -1.3926168728537327, -0.988308748476844, -0.6289237490307178, 3.459080619668949, -1.7520018722998572, -1.0781549983383734, -0.5390774991691885, 3.9083118689766074, -1.707078747369092, -1.1680012481999063, -0.5840006240999527, 4.222773743491965, -1.61723249750756, -1.2578474980614374, -0.80861624875378]
[5.262900399160699, 0.7017200532214218, -0.7017200532214076, -4.210320319328574, -11.227520851542849, -3.8594602927178556, 5.2629003991607135, 5.964620452382135, -10.876660824932145, -4.912040372549981, 7.718920585435697, 7.368060558824993, -13.332681011207129, -4.5611803459392775, 8.420640638657133, 8.06978061204643, -14.385261091039283, -2.1051601596642797, 6.315480478992853, 6.666340505603557]
[10.481805569537812, 11.15805109015318, 8.791191767999464, 6.086209685538087, -11.834296610768511, 9.129314528307141, 3.719350363384386, 0.6762455206153462, -14.539278693229896, 12.510542131383865, 3.3812276030767165, -0.3381227603076695, -17.24426077569126, 12.510542131383858, 3.719350363384386, -0.6762455206153462, -18.258629056614282, 10.81992832984551, 4.395595883999732, 0.3381227603076695]
[5.599402578278784, 0.6999253222848552, -1.0498879834272827, -3.849589272566675, -11.548767817699996, -3.849589272566675, 5.949365239421226, 5.599402578278784, -11.198805156557583, -4.199551933709088, 7.349215883990908, 7.349215883990922, -13.648543784554562, -4.199551933709088, 8.39910386741819, 8.049141206275749, -14.698431767981816, -1.399850644569696, 5.949365239421212, 6.9992532228484805]
[10.885589826981175, 11.939034003785778, 9.129849532306778, 6.671813119762646, -12.29018206272066, 9.480997591241653, 3.511480589348764, 1.053444176804625, -15.099366534199675, 12.290182062720667, 3.862628648283639, -0.3511480589348821, -17.557402946743807, 12.641330121655542, 4.213776707218514, -0.70229611786975, -19.31314324141819, 11.236737885916035, 4.564924766153389, 0.7022961178697571]
[6.49758949860184, 0.36097719436678233, -0.7219543887335504, -4.331726332401217, -11.551270219736608, -3.9707491380344635, 5.775635109868318, 6.136612304235058, -11.19029302536984, -5.053680721134754, 8.302475470435681, 7.580521081702145, -14.078110580303985, -4.692703526768, 9.024429859169231, 7.941498276068913, -15.16104216340429, -1.4439087774670725, 6.136612304235058, 6.858566692968608]
[11.922054335032755, 11.922054335032726, 9.686669147214104, 7.0787197614257025, -13.039746928942066, 10.43179754315365, 4.098206177667507, 0.3725641979697656, -16.020260512700247, 13.412311126911831, 4.4707703756372865, -1.1176925939093252, -18.62820989848865, 13.784875324881604, 3.725641979697727, -0.3725641979697727, -20.118466690367754, 11.54949013706296, 5.215898771576832, 0.7451283959395454]
[6.3085877239565065, 1.1828601982418547, -0.39428673274728965, -4.731440792967376, -13.011462180660288, -4.337154060220115, 7.0971611894510716, 6.702874456703796, -13.011462180660303, -5.125727525714652, 9.068594853187477, 7.491447922198347, -15.377182577143998, -4.731440792967362, 10.251455051429318, 8.674308120440202, -16.954329508133114, -1.9714336637364056, 7.491447922198347, 7.491447922198347]
[13.322077566421811, 14.571022338273863, 10.407873098767055, 7.493668631112271, -13.322077566421811, 11.656817870619093, 4.163149239506808, 0.0, -17.485226805928633, 15.403652186175222, 4.163149239506822, -1.2489447718520381, -21.23206112148479, 16.23628203407661, 4.163149239506808, -1.2489447718520381, -22.897320817287508, 13.322077566421825, 5.41209401135886, 0.41631492395067937]
[6.69039300165106, 1.3380786003302063, 0.0, -5.352314401320854, -14.71886460363234, -4.460262001100716, 9.366550202311487, 7.582445401871212, -16.05694320396256, -5.352314401320854, 11.15065500275179, 8.920524002201418, -19.179126604733057, -4.460262001100716, 11.596681202861859, 9.812576402421556, -20.517205205063263, -0.446026200110083, 8.47449780209135, 8.028471601981295]
[13.411603917222394, 15.574765839355067, 10.383177226236683, 8.220015304104066, -13.411603917222408, 12.978971532795867, 3.461059075412237, -0.8652647688530521, -16.872662992634645, 16.007398223781593, 3.0284266909856967, -2.1631619221326446, -19.468457299193815, 16.00739822378158, 3.893691459838749, -2.1631619221326304, -21.19898683689992, 13.411603917222394, 4.758956228691815, 0.0]
[3.3757885401734313, -0.2411277528695308, -0.7233832586085924, -3.3757885401734384, -6.75157708034687, -2.8935330344343697, 3.3757885401734313, 3.6169162930429692, -6.75157708034687, -4.099171798782024, 4.822555057390616, 4.822555057390623, -7.716088091824993, -4.340299551651555, 5.063682810260147, 5.063682810260154, -7.233832586085931, -2.1701497758257844, 3.3757885401734384, 4.340299551651555]
[9.170115747467591, 9.439825034157835, 7.012441453945819, 4.5850578737337955, -9.43982503415782, 7.0124414539458115, 2.6970928669022385, 1.0788371467608897, -11.867208614369837, 8.900406460777383, 3.2365114402826762, -0.2697092866902224, -14.024882907891623, 9.170115747467598, 3.5062207269729058, 0.0, -15.912847914723187, 8.36098788739693, 4.045639300353358, 0.8091278600706673]
[4.415745838760316, 1.0389990208847735, -0.7792492656635801, -3.896246328317929, -7.013243390972264, -3.6364965730967356, 3.896246328317929, 3.896246328317929, -7.272993146193471, -4.415745838760316, 5.454744859645103, 4.935245349202702, -8.831491677520631, -4.415745838760316, 5.194995104423896, 5.454744859645103, -8.831491677520631, -2.3377477969907616, 3.6364965730967285, 4.415745838760323]
[9.635678603313124, 11.189820313524905, 8.392365235143686, 5.284081814720096, -10.257335287397837, 9.324850261270761, 2.797455078381226, 0.3108283420423561, -13.987275391906138, 11.500648655567275, 3.1082834204235894, -1.5541417102117947, -15.230588760075577, 10.878991971482549, 3.7299401045083087, -0.9324850261270754, -17.406387154372084, 9.014021919228398, 4.351596788593021, 1.2433133681694315]
[3.7205480006441007, 0.0, -0.5315068572348594, -3.4547945720266853, -7.441096001288209, -3.720548000644108, 4.252054857878974, 4.2520548578789885, -7.7068494299056525, -4.783561715113855, 5.580822000966165, 5.315068572348721, -8.769863144375392, -4.517808286496418, 5.580822000966165, 5.846575429583588, -9.03561657299283, -2.12602742893948, 3.9863014292615375, 4.783561715113848]
[8.471708222633822, 10.808731180601768, 7.8874524831418285, 5.258301655427886, -9.932347571363792, 8.179580352887825, 2.9212786974599396, 0.0, -12.269370529331738, 10.224475441109774, 2.9212786974599396, -0.8763836092379762, -14.314265617553687, 10.224475441109774, 3.2134065672059293, -0.2921278697459897, -16.35916070577565, 8.471708222633815, 4.089790176443913, 1.1685114789839801]
[3.766827589291097, 0.5795119368140149, -1.1590238736280298, -3.766827589291097, -8.113167115396202, -4.056583557698104, 4.636095494512112, 4.636095494512119, -8.113167115396202, -4.92585146291912, 6.084875336547142, 5.795119368140149, -9.561946957431239, -4.92585146291912, 6.664387273361157, 6.374631304954164, -10.431214862652254, -2.0282917788490593, 4.636095494512119, 4.92585146291912]
[10.083016359963565, 11.709309321248, 8.781981990936004, 5.854654660624007, -11.058792136734226, 9.10724058319289, 2.9273273303119964, 0.325258592256894, -13.660860874789343, 11.38405072899112, 3.2525859225688905, -0.6505171845137809, -16.262929612844452, 11.384050728991113, 3.9031031070826714, -0.3252585922568869, -18.539739758642682, 10.083016359963572, 4.553620291596438, 1.3010343690275619]
[3.231684607507958, -0.5386141012513264, -1.0772282025026527, -3.231684607507958, -8.079211518769917, -3.2316846075079653, 4.039605759384955, 4.578219860636281, -7.809904468144246, -4.578219860636288, 5.655448063138941, 5.655448063138941, -8.887132670646906, -4.578219860636281, 6.194062164390267, 5.924755113764604, -9.15643972127257, -1.8851493543796494, 4.308912810010625, 4.308912810010618]
[9.572344743408905, 10.152486849070058, 7.251776320764321, 5.221278950950307, -10.732628954731197, 7.541847373594905, 3.480852633966876, 0.5801421056611389, -12.763126324545212, 9.862415796239489, 3.7709236867974454, -0.29007105283056944, -15.663836852850949, 10.442557901900628, 3.7709236867974525, 0.0, -16.824121064173234, 8.702131584917183, 4.3510657924585985, 1.160284211322292]
