[-0.8262953165246643, 15.173494614782555, 17.8783180462043, 20.957561830455262, -1.6218962660547902, 35.4161232819493, 22.384214981656896, 19.342091915151308, -72.82213683203182, 29.52069391304046, -5.443554405213405, -11.453559102733834, -10.819293725686919, 27.9052239977365, -9.31197278824368, -13.369207935376267, -4.208931193489548, 19.04191299781283, -3.1534852197417536, -10.853201268056864]
[1.9862753439429994, -14.54492554068667, -18.21501012923293, -21.160569941772835, -1.8306168322098202, -34.10521288077688, -20.722691028934705, -17.49048535322656, 67.18343488620769, -25.78993899891598, 5.536767355162318, 12.657997075835802, 7.240822298000403, -23.584724198553943, 9.795963906216585, 13.903927407600968, 0.7764109465840932, -14.76386499710572, 5.453240712241659, 12.136591520077033]
[0.294342619771669, 17.025968417978163, 19.04213192837537, 20.381140543220354, -2.92979372223094, 36.43561144587471, 23.397735220686457, 18.65931965259483, -72.53264544397328, 29.56362905963195, -3.92855618852613, -11.81627091809716, -12.847304437684812, 28.43049340854975, -8.122521345078866, -13.243749188951028, -8.064654041588767, 18.70355448059928, -0.7060885472972416, -9.932811891713271]
[1.9766815200036163, -14.64248236849533, -19.173570790045176, -21.2681252406246, -0.49089050786383126, -35.800494192768404, -21.3859981712004, -16.96890292311423, 68.92870855341478, -27.312162974099152, 5.937804074235146, 12.559567189252292, 7.7733341209902065, -24.522010211401344, 8.84195001039663, 13.25516550137067, 2.6606405607856303, -14.292743333880075, 6.747395559817214, 12.3238213281007]
[-0.22329032316045527, 15.749666810004754, 19.218574428934886, 20.821457614899188, -2.5597225236516437, 35.99697910574142, 22.113336728702507, 18.732142858772875, -70.74994192283893, 28.341430073240332, -3.7002098434089277, -12.240908267233507, -11.826166643435357, 27.719421928918365, -6.547109318017135, -13.17392048371643, -8.046254952344242, 19.35415100309484, -1.427455687963274, -9.346145967465901]
[1.1371157137212435, -14.80757901016461, -19.997524101701345, -20.880554393940727, -0.3976343654897576, -33.71583704614735, -21.509499264698235, -16.259167159264607, 66.1008599709885, -25.56232864251374, 4.475538475093799, 13.210142101482283, 8.057809107628358, -24.739685364171258, 8.588754866806184, 13.972398365927859, 2.86786401609163, -15.884307709988953, 5.17740772564246, 11.44408151700354]
[-1.3819547477813785, 15.681417078353007, 19.947001264756835, 19.88714129322699, -2.099239325620971, 35.92978836179692, 23.43233566023467, 18.685801540554095, -73.42214646648372, 29.92101943739472, -4.687709228669576, -11.777062882166064, -12.135187630826437, 28.479204718083466, -6.970668790955628, -13.218877601477317, -7.869603444422552, 18.745661512083956, -1.5027097713599744, -9.37334829630143]
[1.1293037301943372, -15.116602737722864, -20.068577875455503, -20.93720428112492, 0.6972255979624151, -34.57633750379277, -21.545153362269403, -17.679184738683787, 68.37064303401075, -27.018483149051903, 4.386429244394364, 11.771094734946018, 9.600869763134163, -24.80317290471053, 8.513075192504907, 13.9431077632401, 3.8235654357794004, -15.377280062247799, 5.950493191543963, 13.63913322266788]
[-0.760807884843274, 16.050003237529097, 19.20332503514021, 21.344051564933267, -3.8770770800369405, 37.36789367188254, 24.019959727174594, 18.190729767322146, -74.34230283605353, 30.552229574791838, -4.25529192900629, -13.631328194181393, -11.569085056127804, 27.708463157233965, -6.25432133406261, -11.49060166438835, -9.48612652341319, 19.345022159876933, -0.5929496295267143, -8.195582742040486]
[1.7905363807244186, -15.244768094945897, -19.462059927845225, -21.047085553287673, -0.7716253035513958, -34.236746095413615, -22.03526571848863, -17.42663918062982, 68.65931614050476, -27.260424522193418, 5.723570235923752, 13.56130844148094, 7.133816018056251, -23.062819494898584, 9.940862068823073, 15.577042383091865, -0.08738992165496029, -12.857386253980003, 9.363703414186112, 13.786506002367432]
[-0.25129309392286814, 16.476444843758088, 19.034263871529646, 19.830454750793322, -3.192492990197863, 37.26976037274787, 23.938343939597175, 18.11113819978064, -74.20360445658265, 30.6463637536676, -3.645038107405526, -13.749379426006243, -10.903108688912127, 27.041060752709512, -6.2028571351770125, -12.953188546742552, -8.05168496972263, 19.2432453679574, -1.5500701610323517, -8.551694666520731]
[1.2097354564189402, -14.333867243842874, -19.3032812215723, -20.13010021842763, -1.7366171137054849, -33.950578850653244, -21.753245173274244, -17.358205884890225, 66.7219152837516, -26.1177914227942, 5.313337401831575, 14.264381169517343, 5.804732971182155, -22.105668593973775, 10.282751379560985, 15.635081816854012, -1.9670683789487455, -12.519264059214471, 9.264474152923853, 14.616804590216887]
[-0.5382820295006923, 15.169765851066416, 19.14979040908713, 20.46015375758627, -4.19751154609618, 37.032715345638934, 23.45604664509274, 18.1656587385729, -72.6137004417682, 29.659882771621554, -3.7897231444867856, -12.288054290028967, -10.84176067707891, 27.66987049261118, -7.465264962504534, -12.358737740534224, -7.4000181485589, 19.3129062480796, -1.1689964474885812, -8.52008008352405]
[1.6785468415858418, -15.74757639454186, -19.601464028252224, -22.129737901184896, 3.0016709243398694, -34.355452521716735, -21.591129508430683, -17.716334653612577, 67.61278103681734, -27.102656762619162, 4.000238181464653, 12.536833259124457, 9.239971561252318, -25.714321338518168, 7.854125815175031, 14.463777075979657, 3.438232889578984, -15.457364977057011, 4.227727935626248, 10.568075000053753]
[-0.2389459271464034, 16.52904660904065, 19.115935808533152, 19.895112997854483, -2.9817490555497557, 36.47608731039506, 22.89755464375763, 18.991256992768868, -73.73135181011145, 29.6296874213853, -3.5322612036958816, -13.15256851584462, -11.074806283791446, 27.10513762977493, -6.659381665363341, -14.056424520930221, -5.963367292688545, 18.21207980344755, -1.4960149707604842, -9.370949680620129]
[0.9452053077307028, -14.008943517461553, -20.49528855295067, -20.98957322658697, -0.16913609849892453, -33.554706703012755, -21.934778534317644, -16.935607579406295, 66.65849277193108, -25.26899919081486, 4.049645587511911, 11.79770438653155, 9.239552939266133, -23.28754043660083, 8.914404364128757, 13.510338784156453, 1.7169544572936815, -13.06373820973085, 7.023993748667344, 12.925005971767533]
[-1.6368789138531668, 15.084514813867258, 19.021433809254205, 21.20393902772514, -1.757283499924938, 37.26217158776501, 22.54841564542565, 18.105048633108588, -72.80910768630162, 29.545046747741566, -5.0463258869617675, -12.920163877735703, -10.330591223058164, 26.485334640812624, -6.761561376190201, -12.413715860805581, -7.484924836906657, 18.68985322541394, -2.104148643095698, -9.100779745411586]
[1.7599857522269957, -13.76714322789288, -18.84930499255742, -20.386120707611497, -2.4683195261830093, -33.764397510111834, -22.146106459838492, -16.700452814937876, 67.44594682611384, -25.831774352512085, 5.477752748697441, 12.625918496871726, 7.339236681550375, -23.62544852593922, 8.940250604198113, 14.32843060014541, 1.2240729251309546, -14.21348330223875, 7.039943008908004, 12.345274810745465]
[-0.24969900246827592, 15.938970399621667, 19.044844112863245, 20.67773238495684, -2.985349906494889, 37.276003620460784, 22.56031965951874, 18.955047941340638, -73.37361888800322, 30.110358269865856, -4.469373470767351, -12.903203345803234, -11.764194017083923, 27.888275821313073, -6.736354005081438, -12.403805340866654, -8.90801930631065, 18.705348938872334, -0.7041989216435667, -8.254237531990668]
[0.36575553050897014, -13.97863976077975, -18.834017198277202, -20.3747578322114, -3.113525721801871, -32.945256953871116, -22.137235487349244, -16.9161025193428, 66.84376198996378, -26.405120373134082, 4.101029347497075, 12.636799119066758, 10.099347434486305, -23.02418357216377, 7.559684660365683, 14.1112397555939, 2.816281278240126, -13.39114720906715, 7.049910620551351, 11.53953252753982]
[-5.540899329669912, 13.633613586368966, 22.65220446223438, 20.34469310698259, -9.182836009043598, 35.935787204255035, 19.17451291603885, 18.110059997666028, -61.50419782319484, 30.89067521080395, -13.640793779032933, -15.128155787689295, 2.989084402640657, 25.812714190717216, -16.338365197932617, -15.518215851337231, 8.172772695298306, 17.18418337849971, -9.448680158812891, -13.316431768656315]
[-5.540899329669912, 13.633613586368966, 22.65220446223438, 20.34469310698259, -9.182836009043598, 35.935787204255035, 19.17451291603885, 18.110059997666028, -61.50419782319484, 30.89067521080395, -13.640793779032933, -15.128155787689295, 2.989084402640657, 25.812714190717216, -16.338365197932617, -15.518215851337231, 8.172772695298306, 17.18418337849971, -9.448680158812891, -13.316431768656315]
[-6.877771287636534, 14.650829108451205, 22.456387624982682, 20.412556656121836, -9.2196185607458, 35.00513203636933, 19.205758492235404, 18.80349243760658, -61.523428566586915, 28.77613704263628, -11.062935312508742, -14.43681956489337, 1.8948228167366779, 24.65597440919771, -15.987630055204917, -14.962340739159501, 8.182071538673426, 16.41564914232059, -9.512124822197194, -13.444030944564773]
[1.9256526359979844, -12.128962279109281, -21.639566838796917, -21.064520375675556, 6.56082833493948, -31.620805879693805, -20.75959514712953, -17.17841110970889, 59.20303987914792, -28.074425836243847, 6.787834858353875, 13.292301843742223, 6.151491124481396, -25.06828826194456, 11.754429062621881, 14.830174624862536, -0.47063448120925955, -14.477198763955613, 9.44099657174624, 13.327105837712914]
[-3.161505325926555, 13.811119970387807, 21.229343137663278, 20.2040167735002, -4.714640735806967, 32.71026577468815, 18.448548732388915, 17.788293206699926, -60.13848734386435, 29.39334806406505, -11.341150334506494, -14.191830891040041, -1.0795724332441523, 25.93665805092357, -15.893052863070267, -14.261717042299239, 4.427770308223515, 16.747326760358703, -9.34474367526137, -13.376162980654541]
[-0.9541550105028733, -12.460231427867022, -21.459372011443307, -21.04762652239286, 4.959177318347848, -32.02952486804722, -19.681726022839555, -17.41788680411308, 61.027935830596746, -28.9801795128069, 9.503565263441672, 13.488834179442193, 4.509446987710348, -23.966307845231157, 11.168778669386015, 15.154047585386593, -1.5710122730276197, -15.079599844314274, 8.71805912692787, 13.3019538557105]
[-2.9284426876580767, 15.085681528385976, 20.932768958417057, 17.893459248235047, -4.8523738517046695, 32.062810760574635, 20.358837955227443, 16.9673312869037, -61.91137069505979, 26.316792407782472, -7.859200101642799, -13.696489586388878, -2.6675168614702045, 21.516497906891658, -12.418164666915757, -13.807356608912798, 4.699225423651896, 13.324696737677101, -7.849402156357783, -12.519233744154661]
[-3.4605891365874584, -17.004531923088997, -22.331905523733198, -19.220598083638627, 7.8350596610229815, -31.2724720708986, -19.569879780131515, -17.379247587904175, 61.67513683057456, -27.43716726949596, 6.451520595089747, 12.051873987259967, 8.387813104094207, -23.601862468093316, 9.88667576335493, 13.594810723146104, 2.0888963189381684, -14.439184066046458, 8.591284850672508, 12.001006050615388]
[-3.4605891365874584, -17.004531923088997, -22.331905523733198, -19.220598083638627, 7.8350596610229815, -31.2724720708986, -19.569879780131515, -17.379247587904175, 61.67513683057456, -27.43716726949596, 6.451520595089747, 12.051873987259967, 8.387813104094207, -23.601862468093316, 9.88667576335493, 13.594810723146104, 2.0888963189381684, -14.439184066046458, 8.591284850672508, 12.001006050615388]
[-6.981621750558276, -18.075906045004338, -22.53480777216223, -19.95911772531319, 11.670060245993625, -32.29710535697659, -20.580969393921848, -17.401084352947038, 64.52358401602162, -30.742476185454933, 5.92524752626511, 11.663165939606102, 11.511150175647678, -25.386110304349835, 9.105132567239934, 13.599347643363572, 3.579094247693554, -15.259916861782507, 7.55050339571828, 12.337987631663381]
[0.3047425390485614, 16.899186189151322, 18.47828501946026, 16.34007374223883, 1.062838758758872, 28.55484282358873, 18.120663097286325, 16.695188912472034, -59.653384725816736, 25.552776560406272, -12.061144435855255, -13.844240542843494, -1.0199863833964287, 22.651455559593074, -14.19935571307667, -13.081130819251712, -0.5616191988532364, 15.372966741967787, -7.8376012645377955, -10.892546910845653]
[-2.5557913977247324, -17.24462098157298, -20.556814139049692, -18.013601538554752, 3.8071663932194326, -29.40281676215608, -18.621783949365522, -16.078571348870554, 58.2477663024205, -26.648490826571006, 5.136740389909022, 11.984818837182331, 9.750623731799564, -22.13251164470256, 7.679952990403976, 12.369309115673204, 6.028782701372407, -15.073319862339119, 5.905720946890781, 12.952333932024416]
[-1.3828210064048676, 15.51281997050961, 19.881076525405632, 17.218783141076017, 0.4002982351990738, 32.54625911873089, 18.704952775960948, 16.964540062567877, -60.793160768219124, 27.014975093111403, -14.543393478025095, -15.685067684643087, 3.4677291480649046, 23.004310245203584, -15.822865855949885, -14.30224667823822, 6.556513325036121, 12.286237622231624, -9.968439666168905, -12.03199454372347]
[-2.646720136189426, -14.663007096890798, -20.30202612961522, -18.80587668134772, 1.401966699144829, -31.042044396783226, -19.783657989096866, -17.050543162821043, 61.15339886037863, -27.743470055427693, 9.656190611569933, 14.55696074904187, 4.421705312478636, -24.272106333899373, 12.063378335262712, 13.818711853789374, 1.189874003446981, -15.24811826973302, 8.179692821064954, 12.083029993025228]
[0.0, 15.790796944207585, 21.594344955015174, 17.911766972499777, -2.965770455858518, 32.58383976856926, 18.27304939405957, 17.602966368469268, -61.455981987627155, 28.679819883011362, -12.411262249259991, -15.481996340177076, 0.4428838060850637, 24.216437923384433, -14.001989770479156, -13.529986397398119, 2.0336113273042145, 14.759431497057477, -8.897644352257885, -10.90789342902886]
[0.0, 15.790796944207585, 21.594344955015174, 17.911766972499777, -2.965770455858518, 32.58383976856926, 18.27304939405957, 17.602966368469268, -61.455981987627155, 28.679819883011362, -12.411262249259991, -15.481996340177076, 0.4428838060850637, 24.216437923384433, -14.001989770479156, -13.529986397398119, 2.0336113273042145, 14.759431497057477, -8.897644352257885, -10.90789342902886]
[-2.0595089009445644, 15.531685298397804, 21.804847333983844, 18.479323553746923, -4.2520319126393815, 34.1241777677747, 19.272817575399174, 17.251031646331256, -62.56088327323337, 28.49361786633429, -13.112824455443103, -14.133312114476553, 0.5287774123944189, 24.960289837715152, -15.682577185904421, -13.547622341206534, 4.402267994024697, 15.49396232652117, -10.08974025634069, -11.488113440261941]
[-2.4679210688789297, -15.846640506802864, -21.027837393337457, -19.25265905347804, 3.1752381529855143, -30.221152520945438, -20.147435013963644, -15.803318989492226, 59.56190266251708, -28.142924333886903, 9.395348359074063, 14.129157265365883, 4.3297424433596134, -24.881243920255415, 12.108624176729734, 15.557964240715506, -0.01437358111176934, -15.399252526560076, 7.562474920792248, 12.989026556103546]
[-3.6312920597378024, 16.207099280178852, 22.91515772310595, 20.225117425462855, -13.114602306210571, 34.29670208454726, 21.36825338092102, 18.39242909441346, -63.3142656704901, 30.86729421817283, -9.548856030391889, -16.66068286004571, -0.23596879572444607, 25.504255924067266, -13.482974380174738, -14.273468852447763, 4.3706596284692125, 15.34974731358524, -8.893388257161646, -13.029390800307908]
[-1.2780884205094338, -14.910333133071248, -21.26778883318314, -21.546077935266418, 7.849955736450632, -31.655332890818457, -19.940220809020786, -17.711812673738123, 60.70500933696512, -28.837360148933953, 9.404237940426782, 13.254996403172697, 3.900238066398863, -24.74129898654001, 11.96041478144565, 14.549578024899787, 0.08246600608818255, -14.615550829770342, 9.45371754407968, 12.02638758631619]
[4.6485221711331235, 19.204203748176866, 18.490033748014156, 18.73022947142678, -29.50764128227769, 36.14900821919676, 20.697405556911974, 17.53566802443872, -67.51977065044132, 30.117756345922118, 0.40911246834053827, -7.342702596931446, -17.100886875797386, 26.59893381336751, -3.168154702548449, -6.148141149943399, -10.900718257594832, 16.698191577532043, 1.4867846386598842, -5.550860426449361]
[-5.441422925723188, -18.090354477287782, -19.64622976111481, -17.417522043519867, 25.600757024551854, -34.507041590195314, -20.596582371490058, -14.894466709238557, 63.05127478161082, -31.428945902699333, 4.945146028088374, 9.125041286670935, 11.65664292568853, -27.316360404432942, 6.5515036321525315, 8.519518613219148, 9.705455384700912, -19.074361967821105, 4.667625851481063, 8.208343556453755]
[6.170957157601208, 18.11305797526991, 18.05594176133654, 20.99862980530368, -42.59126823551452, 32.997846836905794, 22.0442575290839, 20.055811266603556, -68.18975830645209, 35.18048822675962, 7.262277852528115, -1.8056743778935243, -31.64910217047931, 29.18087971095858, 1.2283996083670274, -3.8512368543072597, -19.547075953797105, 18.14732770362994, 3.1711528997006724, -3.874083339880599]
[-4.723308218022325, -18.812889488522437, -19.904669133835426, -17.960176595985814, 39.055358508914665, -33.994250404335546, -22.940941316998064, -15.960514807495485, 65.71299276697728, -35.69967618940882, -5.594410860772513, 3.23855943551186, 31.019931854526206, -29.700690823937848, -2.6316976784641497, 4.183221079116308, 22.150182057814703, -20.72060252594494, -1.7054257850732597, 3.1466106844440134]
[-0.6999224441892693, 13.676046988822833, 16.3195292664403, 18.178009755554314, -13.065854285444004, 33.79296618130911, 18.963011544057764, 15.369019185804746, -58.29352991704809, 25.328105196399534, -7.348842612141922, -12.432409599583877, -0.5058256693888268, 23.427085035128414, -10.034864561916464, -11.812916103212558, 3.296214653153413, 12.933584872476459, -4.913408298813621, -8.549940329223773]
[1.0501006310057406, -11.72082901502371, -15.319505356789435, -15.54205554711855, 5.42022522898921, -30.35053613451985, -18.344506608527432, -14.554605236752423, 55.28739517623117, -24.26920847072408, 6.717653074463179, 10.253679095589284, 1.755624498493475, -21.689307599644273, 8.50132866518615, 10.031128905260196, 1.5957246288040352, -14.905730136451112, 6.081327663795776, 10.222353935269453]
[5.159673337239724, 19.202415856171967, 18.030282358112544, 17.20864593658183, -24.149378978691885, 31.95809747301695, 19.31734326019982, 15.571087957965801, -60.9972909297759, 29.619545341343354, 18.265852030613487, 12.060402328232726, -56.199544397955535, 24.005877252437614, 0.011429728890561819, -4.44153459084626, -15.593947415746953, 15.92729989893985, 1.7639151115344873, -2.8039766122302296]
[-7.803972863837263, -20.034595273758896, -19.626960209733994, -16.613091970482998, 26.265364039686105, -33.77951513422654, -20.180291402994555, -15.375460116567268, 66.16097562346073, -30.182862378032993, -2.431083722308429, 4.0042878202184795, 26.41106016892175, -27.023298009546338, 0.17514945291766537, 5.37288914152883, 19.276661303898663, -20.573199805178433, -2.1691447875191727, 2.2133247730421886]
[-3.4989143923812662, 6.997828784762561, 11.89630893409631, 13.295874691048851, 6.298045906286291, 27.291532260573916, 17.49457196190636, 11.89630893409634, -51.084150128766595, 16.794789083430118, -8.397394541715045, -12.59609181257261, 6.298045906286319, 13.295874691048823, -10.496743177143827, -10.496743177143799, 9.097177420191287, 8.397394541715059, -6.298045906286276, -6.997828784762561]
[5.979129435978308, 13.286954302173967, 14.615649732391347, 9.965215726630476, -54.47651263891326, 5.97912943597828, 11.293911156847884, 7.972172581304378, -19.26608373815226, 22.587822313695753, 14.615649732391375, 5.314781720869576, -35.210428900761016, 20.59477916836964, 11.293911156847884, 1.9930431453260837, -29.231299464782722, 17.273040592826163, 7.972172581304392, 0.664347715108704]
[3.4942371180279963, 17.675007169926857, 16.823435254895287, 17.85090608572996, -23.36285464678214, 34.34115861834164, 19.044968277706488, 14.944392509028958, -60.63844950580874, 30.14332583710126, -1.2126773012991094, -8.895439645906166, -15.08306120618684, 26.72773062231353, -3.943291962197023, -7.525478538126578, -10.903843534269043, 18.272038265915114, 1.272704095216767, -5.900976611303605]
[-4.283873927806276, -18.486785007675586, -17.874803017988974, -14.43243449025605, 17.390628973447704, -31.236208697784946, -18.20628320765114, -11.88254975223417, 56.888232560950854, -29.094392390898832, 0.9688307171506096, 7.13962900365442, 18.20652452168519, -26.92696623217683, 2.1927946965238334, 7.420130803678873, 16.090076752600908, -18.71630841806231, -0.07658824147360122, 5.482228055343612]
[-3.428330896367868, 7.5423279720093035, 11.65632504765071, 12.341991226924307, 6.856661792735679, 28.79797952949002, 17.141654481839296, 13.713323585471429, -52.79629580406501, 17.141654481839296, -8.913660330556425, -12.341991226924279, 6.856661792735707, 13.713323585471414, -12.341991226924307, -10.970658868377114, 10.970658868377143, 6.856661792735707, -7.542327972009275, -8.91366033055644]
[3.266059362945768, -10.428413743989424, -13.303784592293141, -11.744560576499126, -4.196812744974828, -32.1169987192965, -19.493830240199472, -13.012091972351932, 56.63057408486322, -18.712453210915328, 10.04125527212166, 11.843556471200003, -6.973187698577654, -17.201844631778165, 12.965241557082223, 11.25840620993047, -8.67825802434227, -11.353872061857032, 10.966713589989254, 8.480266234940501]
[1.6783906714038324, 15.98453919723471, 16.004981596178936, 18.261398527251202, -20.917499216725247, 32.58798945202628, 19.60707172631689, 16.02542399512312, -60.60181784507547, 27.538014128101693, -1.9850266555667275, -8.155808790170909, -11.620441216930573, 23.541879328793, -5.070417722868811, -7.679994525223407, -5.014729615267328, 14.20393653110996, -0.5575838607242503, -5.878949460154445]
[0.2020808076016678, -13.21213535361948, -18.14684774400871, -16.37445205378735, 15.908187342135193, -32.5280940733812, -18.18726390552903, -13.756274679975661, 55.99212888805396, -26.46468686875931, 4.412259998961559, 8.218277575118073, 8.557378385535955, -22.919895488316605, 5.680932524347071, 9.064059258708426, 4.670528486338732, -15.789896565910851, 3.827704511085038, 8.137445252077427]
[0.5233644010522482, 15.003394174465654, 19.281632935066852, 17.62127538576651, -19.520219446037302, 33.597237279923235, 20.403582025624374, 15.57189074858971, -61.40525962081132, 28.92997143144558, -2.2890303541868064, -11.17435873250328, -11.023918155597272, 25.399698731216063, -4.876823450106471, -9.304443581574091, -8.630638603615836, 16.678795781456586, -0.7780541757528567, -7.075589458149693]
[-2.7320729778161947, -16.158943111845794, -17.509059503818577, -17.477219309947934, 11.013199094919756, -29.54335965404792, -18.83794909987759, -12.56217053257069, 56.4607803098484, -25.567304263827722, 4.819528195765358, 12.023686752272468, 6.013243133887464, -21.548795281780023, 8.859263973726812, 9.365907560154405, 2.4058571566555074, -13.944127118414116, 5.304944986279224, 7.140478168765817]
[3.7201244985053563, 17.612023082273055, 15.999788407165596, 17.488380383833146, -18.60116466979227, 32.744686068563084, 19.596812384496474, 13.767171530796958, -60.89886915415275, 28.898750162556155, -2.97826830786596, -9.179379434150604, -11.531843768101226, 24.55770128552419, -4.962515432823977, -8.931009682739969, -6.819324618484146, 16.743813306866656, -0.6209243785265812, -7.9386150316282595]
[-2.5619105446733954, -16.686167357141706, -19.052251405169656, -13.856182840123395, 13.371366440680049, -31.846596321139906, -17.686215770821867, -12.85613442644322, 56.19282953967857, -27.44429170790189, 4.304391364915318, 8.964311985271777, 10.345555427016315, -22.980197584190876, 6.268364454425928, 9.696286426607024, 5.917585041155029, -17.418141798476952, 4.268267627065576, 8.696238012926862]
