[6.699204334346248, -1.6748010835865585, -16.078090402430988, -11.388647368388618, 15.073209752279041, -4.019522600607729, 6.029283900911622, 0.669920433434612, -12.058567801823244, -4.354482817325049, 8.374005417932807, -0.6699204334346263, -10.718726934953992, -5.359363467476996, 9.71384628480206, 0.33496021671731313, -11.388647368388618, -0.33496021671731313, 7.704084984498181, 0.33496021671731313]
[4.271106236837227, 5.630094584921796, 1.261917751792815, -2.3296943110021218, 2.5238355035856337, 3.20332967762792, -3.106259081336166, -1.4560589443763234, 0.0, 3.3004002739196725, -3.106259081336164, -1.1648471555010644, -1.0677765592093031, 3.1062590813361624, -2.717976696169142, -0.8736353666257983, -1.9414119258351015, 2.426764907293876, -1.6502001369598354, -1.0677765592093067]
[6.9170991337790895, -2.0751297401337183, -16.25518296438085, -11.759068527424446, 15.909328007691883, -3.8044045235784836, 5.879534263712216, 0.0, -11.759068527424446, -4.150259480267451, 7.954664003845949, 0.0, -11.067358614046533, -5.879534263712223, 9.683938787290714, 1.0375648700668734, -11.759068527424454, -0.691709913377899, 8.300518960534902, 0.6917099133779061]
[4.969034594479684, 6.2112932430996075, 1.806921670719884, -2.597449901659836, 2.8233151104998235, 3.726775945859764, -3.726775945859764, -1.6939890662998955, 0.22586520883998773, 3.613843341439768, -3.613843341439768, -1.129326044199928, -1.3551912530399157, 3.6138433414397717, -3.1621129237598, -1.129326044199928, -2.145719483979864, 2.710382506079828, -1.9198542751398797, -1.016393439779936]
[5.426348806873193, -1.899222082405629, -12.751919696152001, -8.953475531340771, 12.48060225580835, -2.984491843780262, 4.612396485842211, 0.27131744034366534, -9.767427852371753, -3.255809284123913, 6.511618568247826, -0.27131744034365113, -8.68215809099712, -4.883713926185877, 8.410840650653455, -0.27131744034365823, -8.410840650653448, -0.5426348806873307, 5.697666247216858, 0.0]
[2.9282388176841465, 3.6602985221051796, 0.9982632333014134, -1.530670291062167, 1.796873819942542, 2.129628231043016, -2.19617911326311, -0.9317123510813179, 0.06655088222009375, 2.196179113263108, -2.1296282310430144, -0.6655088222009411, -0.7320597044210366, 2.0630773488229206, -1.8634247021626393, -0.6655088222009411, -1.331017644401884, 1.6637720555023545, -1.131364997741601, -0.7320597044210366]
[8.377185885040674, -2.2846870595565463, -18.27749647645237, -12.946560004153753, 17.896715299859608, -4.18859294252033, 6.092498825484114, 0.0, -12.946560004153753, -4.5693741191130925, 9.519529414818933, -0.7615623531855107, -12.184997650968242, -6.4732800020768835, 11.423435297782724, 0.0, -12.946560004153753, -0.38078117659276245, 9.138748238226185, 0.0]
[5.967205109542562, 8.048788287289987, 1.9428109658975785, -3.191760872546027, 3.746849719945338, 4.301938567344642, -4.579482991044298, -1.942810965897582, 0.2775444236996556, 4.440710779194472, -4.579482991044298, -1.1101776947986188, -1.6652665421979265, 4.301938567344642, -4.02439414364499, -1.2489499066484449, -2.497899813296886, 3.052988660696194, -2.4978998132968897, -1.2489499066484413]
[7.631700663276874, -2.654504578531089, -15.595214398870127, -11.613457531073493, 15.263401326553733, -3.6499437954802403, 5.640822229378557, 0.0, -11.613457531073493, -3.6499437954802403, 8.295326807909632, -0.9954392169491513, -10.618018314124342, -5.309009157062164, 10.286205241807949, -0.3318130723163861, -11.281644458757107, 0.0, 7.631700663276867, -7.105427357601002e-15]
[7.922825551542573, 10.87085366374447, 2.7637763551892647, -4.422042168302831, 4.9747974393406835, 5.896056224403779, -6.264559738429014, -2.579524598176647, 0.3685035140252353, 6.080307981416393, -6.264559738429011, -1.6582658131135588, -2.026769327138801, 5.711804467391154, -5.527552710378544, -1.2897622990883235, -3.68503514025236, 4.237790411290213, -3.1322798692145, -1.658265813113566]
[9.233378073113855, -1.6787960132934217, -19.7258531561978, -15.109164119640866, 19.30615415287444, -4.1969900332335754, 6.715184053173715, -0.41969900332335897, -14.269766112994134, -4.616689036556934, 10.072776079760587, -1.259097009970077, -13.850067109670789, -5.875786046526997, 13.010669103024071, -1.259097009970077, -13.850067109670789, 0.0, 9.653077076437214, -0.41969900332334475]
[10.321106152061716, 13.441440570126893, 4.080437315931384, -5.520591662730695, 6.72072028506345, 7.68082318292965, -7.920848907396206, -3.360360142531725, 0.0, 7.920848907396206, -7.920848907396206, -2.1602315201989626, -2.8803086935986215, 7.440797458463102, -6.960746009529991, -1.9202057957324143, -4.800514489331036, 5.040540213797584, -3.8404115914648287, -2.1602315201989626]
[8.960119082519412, -2.560034023576975, -20.48027218861577, -14.933531804198992, 19.626927514090113, -4.266723372628292, 7.680102070730925, -1.2800170117884875, -15.360204141461821, -3.8400510353654624, 11.520153106096359, -2.1333616863141316, -14.080187129673348, -6.826757396205252, 14.080187129673348, -1.2800170117884875, -14.933531804199006, 0.8533446745256583, 10.666808431570715, -1.2800170117884875]
[9.985150566836388, 14.026759129603484, 3.803866882604339, -5.943542004069272, 7.1322504048831235, 7.607733765208671, -8.320958805696982, -3.090641842116028, 0.2377416801627703, 7.845475445371449, -8.083217125534219, -1.9019334413021625, -3.3283835222787985, 7.607733765208678, -7.132250404883138, -1.9019334413021625, -4.51709192309265, 5.230316963580961, -4.27935024292988, -1.9019334413021625]
[6.747159759611549, -1.9277599313175813, -15.10078612865442, -11.245266266019229, 15.100786128654406, -3.8555198626351768, 5.461986472066485, 0.0, -11.245266266019229, -3.5342265407489037, 8.032333047156598, -0.9638799656587906, -10.602679622246711, -5.140693150180219, 9.960092978474187, -7.105427357601002e-15, -11.245266266019236, -0.6425866437725318, 7.711039725270339, 0.3212933218862588]
[9.64789802693128, 13.883560575340134, 4.000347962386144, -5.647550064545143, 6.353493822613281, 7.76538133874957, -8.000695924772288, -3.294404204317992, 0.4706291720454274, 7.765381338749563, -8.00069592477228, -1.8825166881817097, -3.059089618295282, 7.530066752726853, -7.059437580681433, -1.6472021021589924, -4.706291720454281, 5.176920892499709, -4.000347962386144, -2.353145860227137]
[7.730675864361714, -2.4597605022969162, -16.164140443665403, -11.947408154013573, 15.461351728723443, -3.51394357470987, 5.973704077006786, -0.3513943574709941, -11.947408154013573, -3.51394357470987, 8.082070221832709, -0.702788714941974, -11.596013796542579, -5.270915362064812, 10.541830724129625, -0.3513943574709941, -11.947408154013566, -0.351394357470987, 8.433464579303703, -0.7027887149419882]
[8.106609664120526, 11.194841917118822, 3.0882322529982957, -4.43933386368505, 5.018377411122231, 6.369479021808978, -6.369479021808978, -2.7022032213735088, 0.0, 6.562493537621371, -6.369479021808978, -1.9301451581239348, -2.316174189748722, 6.369479021808985, -5.7904354743718045, -2.1231596739363283, -3.4742612846230827, 4.825362895309837, -3.4742612846230827, -2.316174189748722]
[8.289130406145944, -2.76304346871531, -18.551863289945672, -13.025776352515038, 18.157142794414895, -4.341925450838346, 6.710248424022907, -0.3947204955307626, -13.4204968480458, -4.341925450838332, 9.868012388268966, -1.1841614865922736, -13.025776352515052, -6.315527928492145, 12.236335361453527, -0.3947204955307484, -13.815217343576563, 0.0, 9.473291892738203, -0.3947204955307626]
[11.69486161034601, 15.973469516570141, 5.41957001455058, -6.560532122877021, 7.701494231203462, 9.41293739369312, -9.698177920774725, -4.2786079062241456, 0.570481054163217, 9.698177920774725, -9.983418447856337, -1.9966836895712703, -3.4228863249793164, 8.842456339529903, -8.842456339529896, -1.9966836895712703, -5.41957001455058, 6.275291595795409, -5.419570014550587, -2.2819242166528824]
[-26.238463229437002, -22.935273810935414, 4.836219381995619, 20.707547830546716, -14.929473666563723, -7.908942493050446, 6.112061306817779, 3.857613595203972, 14.665622443825086, -5.724630701532789, 2.518298934352444, 3.567040641240226, 16.7530765840215, -3.734034212657619, -0.5644534502815617, 1.8670171063288308, 20.637411910450552, -5.434057747569042, -3.426768801047942, 1.9638747576500606]
[-5.173863265209192, -6.504285247691559, -2.808668629684991, 3.252142623845778, -2.0695453060836755, -3.547791953286307, 3.695616618006568, 1.626071311922889, 0.5912986588810512, -3.3999672885660424, 3.9912659474470935, 1.1825973177620988, 0.7391233236013193, -2.8086686296849948, 3.399967288566039, 1.4782466472026314, 1.0347726530418413, -2.9564932944052558, 1.9217206413634145, 1.6260713119228853]
[-17.63888717230614, -10.712949111039848, 17.414687190379595, 19.474596110622826, -13.18975572328361, 3.4507110768837492, -6.5265699124107925, 0.26624543257037203, 19.075227961767297, 3.9376633092037423, -10.9301627286126, 0.1996840744277506, 20.46952330058474, 5.331958648021114, -13.652192048104794, -1.548440780424471, 24.93967747492914, 2.2560998124941136, -11.262969519325537, -2.4557838869218784]
[24.784082029428518, 24.20356849180685, -2.6592783917130305, -22.681833439129335, 14.92380382417771, 5.791672841269076, -5.098751223238608, -2.6945039960247357, -14.811395743768884, 5.892339053573977, -3.5115755625678844, -2.493171571414905, -16.90190246596417, 4.595420161714074, -0.5268147977323423, -1.699583741079536, -19.68533080618988, 5.489674204354316, 1.3741013679570244, -0.8053296984392659]
[-25.600826754885816, -22.992182488894443, 5.973720002370229, 22.827521496174867, -17.07696890660381, -6.865559255437503, 6.060649234360184, 4.334646750175764, 14.352142198582698, -4.770953706384375, 1.2604423179359827, 3.190386874269521, 16.398269196945975, -0.7271782603476851, -2.783333128100722, 1.3381740786656309, 20.34508754160298, -3.626693830478132, -4.218464308146039, 1.338174078665645]
[23.900356861571098, 18.74425991237638, -10.214249791672998, -24.080494225018725, 19.903838342988237, 1.2225818305526488, -0.9287495104033852, -1.304775087283872, -17.00045584827123, 2.1198296409856425, 1.4534107507611225, -1.5006633007167096, -18.892895575853643, 0.521222233552507, 4.341042395492934, -0.4075272768508853, -21.079167623585292, 1.6143582574183313, 4.650625565627408, -0.30958317013445935]
[-21.82524026108375, -16.488733216080163, 14.06992334214928, 20.85759334141096, -16.491807468591503, -1.2097123622165782, -0.24575454555730403, 0.7261963276312713, 17.949118927872206, -0.7249666266267809, -4.369474975833043, 0.7268111781335449, 19.64665127818988, 1.9426720453727597, -8.007219969514438, -0.0012297010045188017, 23.7697568579633, -0.24022089103698363, -8.976096590191744, -0.0012297010045188017]
[24.153475006655768, 20.23611127720107, -6.837711285047497, -23.08575786680113, 15.109628475906192, 3.5184151235166183, -1.2928039738256203, -2.4506979836619607, -16.801381055669864, 3.4412221895275223, -0.06420899799647373, -0.6110515039164142, -18.7182204694045, 1.6787686437710647, 3.0040324575782194, -0.5338585699273324, -21.940847792957385, 3.827186859472988, 3.306312225538278, -0.3794727019491546]
[-14.368596548860353, -2.5772159996953405, 20.91718274938694, 17.490710961293587, -15.070581755178523, 8.266730200323423, -10.318685692196311, -2.847211153189164, 20.49010080231278, 7.746377798251217, -15.188398220842373, -2.9699357246032037, 22.66478086559971, 9.40070545946594, -17.608527426957437, -4.899166645062053, 25.605262473787008, 7.226025396179011, -13.99551472886796, -5.021891216476092]
[27.606149516400833, 23.268888761869306, -3.623918463293407, -22.84043575035966, 15.733924371720164, 7.1188480535935525, -4.183598531630153, -3.529701431328519, -15.139472462355045, 6.061171291690414, -3.42314772440956, -3.4702562403920183, -16.13770403332167, 5.003494529787261, -1.4861297734127987, -2.5909150512983956, -18.074721984318444, 6.001726100753899, 1.045340086949082, -1.5926834803317576]
[-3.28559340292675, 2.5554615356096946, 12.412241744389988, 7.301318673170613, -8.396516474146182, 7.301318673170584, -6.936252739512057, -3.2855934029267786, 9.856780208780307, 6.571186805853529, -9.126648341463238, -2.9205274692682366, 10.95197800975589, 6.571186805853522, -10.951978009755884, -4.01572527024382, 13.142373611707058, 5.475989004877945, -8.396516474146182, -4.01572527024382]
[4.678753589094846, 4.7957224288222235, 1.7545325959105682, -2.222407954820053, 1.2866572370010836, 2.8072521534569077, -2.4563456342747934, -1.5205949164558277, -0.818781878091599, 2.690283313729541, -2.690283313729541, -1.4036260767284539, -0.7018130383642287, 2.2224079548200564, -2.2224079548200564, -1.5205949164558241, -1.052719557546343, 2.456345634274797, -1.1696883972737098, -1.2866572370010871]
[-7.484845359205025, 2.041321461601342, 23.13497656481553, 14.969690718410021, -11.567488282407766, 10.20660730800688, -12.247928769608222, -4.763083410403198, 19.052333641612762, 10.206607308006838, -17.691452667211863, -3.402202436002284, 20.41321461601369, 10.887047795207295, -20.413214616013676, -5.443523897603654, 23.134976564815503, 8.845726333605938, -15.650131205610506, -5.443523897603626]
[13.5899617766447, 2.566274712666335, -18.399039596175378, -18.155592349413958, 12.830032672925235, -8.378728882677862, 9.762069785018475, 4.06394239752882, -20.248425359868733, -8.378728882677855, 13.618208249673579, 2.974485737554936, -20.542309602235456, -8.127884795057646, 16.13404596673459, 4.06394239752882, -24.14760397927035, -6.1998155627300875, 12.614831899192708, 4.9025549698824875]
[-14.552134700752077, -7.037473307434311, 20.121660346805413, 18.6719043872898, -14.219337127795711, 5.804303117309331, -8.23953937307553, -1.155695654414501, 19.076897216709682, 6.1241882676472414, -12.37222148223168, -0.6268578780574217, 19.92562014340467, 7.61268149501808, -15.767113189011667, -2.5332563574665414, 24.37818740289876, 4.857560088913971, -12.705019055188046, -3.381979284161531]
[17.838133440345857, 9.29344277199958, -15.360891725334405, -21.31176616501302, 15.930782554049841, -5.006607559136512, 7.142780226223081, 1.4352174460249714, -19.502172667161382, -4.093484059235266, 9.278952893309672, 0.2121682788396555, -19.599930055605775, -5.104364947580905, 11.105199893112179, 2.4460983343706175, -23.660107110939244, -3.3758753362227623, 10.583105946988454, 2.348340945926239]
[-28.378963776817322, -26.265722261699636, 0.7502193784297049, 18.268158252984605, -15.995924022074817, -12.132966628599263, 12.655484981151133, 5.7029576775398425, 9.247929639431227, -10.837856797352252, 10.951309307968785, 3.6807965727733176, 11.838149301925206, -6.384468745883829, 6.293388335532697, 3.4762636518056382, 13.905850611867308, -6.9525273036112765, -0.13662061552669513, 3.839789288565413]
[17.707557552048144, 9.801748764850117, -15.386419809720017, -20.523692912612688, 16.43196425802001, -3.1112338459419746, 5.124573353413666, 1.0153947354308954, -19.248099618584583, -3.6839808533067213, 7.71065986825009, 1.2279936177689237, -19.820846625949336, -4.829474868036243, 10.509345265424571, 2.160888750160396, -22.259383898097056, -2.6035364782265304, 8.921203522628915, 2.8811850002138613]
[-14.469147843844496, -4.20903518843329, 19.16574704576209, 18.64033940946021, -15.49458169958379, 7.728369038383121, -9.051234783602624, -3.2027516465818167, 19.19735956560305, 7.816975494929537, -13.019832019261074, -1.9684923579087297, 20.52022531082254, 8.405608170913368, -15.842776422792866, -3.7027778660192467, 23.25456325780793, 7.494162188584909, -13.462864301993093, -4.61422384834772]
[24.452715947989105, 17.55112824077284, -7.8365872700644985, -21.093831135676297, 17.010719390903517, 2.213112619076341, -3.3129302916651255, -0.9484768367470053, -14.962424881567728, 2.107726303882231, -0.5404088498693369, -0.7377042063587851, -17.162060226745282, 0.9025223160993221, 1.448453864920026, 1.1457721932364393, -20.929013025935745, 2.680612400500422, 3.2859757438675956, 0.15134083584177915]
[-3.7789449409600024, 2.325504579052307, 9.59270638859077, 6.685825664775365, -4.360321085723058, 2.9068807238153767, -5.52307337524924, -0.5813761447630554, 9.592706388590756, 2.6161926514338347, -6.976513737156921, 0.5813761447630839, 8.429954099064616, 2.616192651433842, -7.848577954301533, -0.2906880723815348, 9.883394460972298, 2.034816506670765, -5.8137614476307675, -1.4534403619076883]
[-11.512331676328643, -15.25383947113545, -4.317124378623248, 8.058632173430055, -7.195207297705402, -6.331782421980755, 7.483015589613615, 2.5902746271739474, 0.5756165838164335, -5.756165838164321, 7.483015589613615, 1.7268497514492935, 1.4390414595410874, -3.165891210990381, 6.907399005797188, 0.8634248757246468, 2.014658043357514, -4.029316086715028, 4.029316086715028, 1.7268497514492935]
[-2.1390687691967543, 4.278137538393523, 13.903946999778967, 8.556275076787045, -7.486740692188675, 4.278137538393523, -6.773717769123081, -2.8520916922623485, 12.834412615180582, 3.9216260768607327, -9.26929799985264, -2.1390687691967685, 12.834412615180582, 2.8520916922623485, -10.338832384451024, -2.8520916922623485, 14.616969922844547, 1.4260458461311813, -7.486740692188668, -3.2086031537951527]
[-8.136562176183247, -9.686383543075298, -1.3560936960305447, 6.393013138429701, -7.167923821875725, -4.068281088091624, 4.843191771537647, 1.549821366892047, 0.7749106834460235, -2.3247320503380706, 4.843191771537647, 0.19372767086150589, 1.1623660251690424, -0.9686383543075294, 3.487098075507106, 0.38745534172301177, 1.3560936960305412, -1.1623660251690353, 1.9372767086150589, 0.38745534172301177]
[0.17522119798343683, -0.13478553691033568, -0.4447922718041095, -0.2965281812027385, 0.29652818120273894, -0.17522119798343683, 0.20217830536550396, 0.05391421476413427, -0.3639209496579072, -0.1886997516744704, 0.2965281812027394, 0.05391421476413427, -0.3773995033489408, -0.1886997516744704, 0.35044239596687365, 0.06739276845516828, -0.4447922718041091, -0.13478553691033612, 0.26957107382067225, 0.08087132214620141]
[14.965753894929236, 14.640411418952503, 4.554794663674109, -6.181507043557723, 5.5308220916042785, 7.482876947464611, -8.45890437539478, -4.554794663674116, 0.9760274279301768, 6.506849519534441, -9.109589327348218, -2.277397331837065, -0.9760274279301626, 4.880137139650834, -7.8082194234413365, -2.6027398078137765, -1.3013699039068882, 5.205479615627553, -4.554794663674109, -2.928082283790502]
[-1.680999689512518, 0.12007140639374825, 3.6021421918125327, 3.241927972631281, -3.1218565662375255, 1.680999689512511, -1.3207854703312591, -0.7204284383625108, 3.361999379025036, 1.680999689512511, -2.161285315087518, -0.7204284383625073, 3.3619993790250327, 1.9211425023000182, -2.761642347056277, -0.9605712511500073, 3.8422850046000363, 1.3207854703312591, -1.8010710959062664, -0.9605712511500073]
[-11.065103752406799, -14.850533983493342, -4.950177994497778, 5.241364935350596, -6.6972996396146485, -4.9501779944977855, 8.735608225584322, 2.329495526822484, -3.2030563493809083, -3.2030563493809225, 8.735608225584322, 0.0, -0.582373881705621, -1.747121645116863, 7.279673521320262, 0.582373881705621, -0.582373881705621, -2.329495526822484, 4.367804112792157, 1.164747763411242]
[-5.787189271126607, 14.14646266275389, 24.43479914475678, 12.860420602503567, -22.50573605438123, 11.574378542253186, -8.359273391627283, -5.144168241001438, 16.718546783254624, 13.50344163262875, -11.574378542253214, -5.787189271126607, 16.075525753129455, 12.860420602503567, -14.146462662753919, -5.787189271126607, 16.718546783254638, 8.359273391627312, -9.002294421752481, -5.787189271126607]
[-24.018679540871034, -30.023349426088828, 0.0, 19.214943632696844, -28.82241544904528, -10.808405793391984, 15.011674713044414, 6.00466988521778, -0.6004669885217737, -4.803735908174218, 13.810740736000852, -0.6004669885217737, 3.6028019311306565, -1.8014009655653211, 10.207938804870196, -1.8014009655653211, 5.404202896695992, -2.842170943040401e-14, 4.803735908174247, -1.8014009655653354]
[0.557019142406137, -0.4177643568046001, -2.2280765696245517, -1.5318026416168795, 0.905156106409974, -0.6266465352069055, 1.322920463214576, 0.13925478560153692, -2.29770396242532, -0.7659013208084389, 1.810312212819948, 0.13925478560153337, -2.2977039624253166, -0.7659013208084389, 2.019194391222248, 0.2785095712030685, -2.5065861408276184, -0.4873917496053721, 1.4621752488161128, 0.2785095712030685]
[7.358048919017705, 8.666146504620862, 2.4526829730059028, -4.578341549611018, 3.4337561622082617, 4.251317153210234, -4.578341549611018, -1.6351219820039375, -0.49053659460118126, 3.9242927568094466, -4.905365946011809, -1.1445853874027527, -0.981073189202359, 3.1067317658074742, -4.2513171532102305, -1.4716097838035438, -1.1445853874027563, 3.5972683604086626, -2.6161951712063, -1.6351219820039375]
[5.306779338350168, -4.717137189644632, -21.227117353400672, -11.203200825405958, 1.179284297411158, -2.358568594822316, 14.741053717639403, -1.768926446116751, -22.406401650811844, -2.9482107435278806, 18.278906609872834, -2.948210743527852, -21.22711735340073, -0.589642148705579, 18.278906609872834, -2.3585685948223016, -21.81675950210628, -0.589642148705579, 14.151411568933796, 0.0]
[-24.040263685402422, -30.74917448132868, -6.708910795926258, 17.331352889476165, -14.535973391173542, -11.740593892870947, 14.535973391173542, 3.913531297623649, 3.354455397963136, -12.299669792531475, 15.09504929083407, 2.7953794983026086, 6.1498348962657445, -9.504290294228866, 12.29966979253146, 4.4726071972841766, 7.267986695586771, -10.622442093549893, 6.7089107959262435, 4.472607197284162]
[1.4892473387806504, -2.5529954379096793, -7.446236693903245, -4.680491636167744, 4.25499239651613, -3.6167435370387153, 4.467742016341944, 1.063748099129036, -6.169738974948402, -3.191244297387101, 5.74423973529678, 0.6382488594774287, -6.382488594774209, -3.191244297387108, 6.595238214600016, 0.8509984793032288, -7.233487074077438, -2.127496198258065, 4.680491636167751, 1.276497718954836]
[9.842694551375196, 11.12652427546761, 3.2095743102310337, -5.777233758415868, 5.135318896369668, 4.493404034323454, -6.205176999780008, -1.7117729654565608, 0.0, 3.8514891722772546, -6.419148620462082, -0.6419148620462067, -1.069858103410354, 2.7816310688669006, -5.135318896369661, -0.6419148620462067, -1.9257445861386273, 2.7816310688669006, -2.995602689548967, -1.069858103410347]
[-0.6918900460988446, 1.1243213249106248, 3.1135052074448097, 1.9026976267718254, -1.643238859484761, 1.4702663479600488, -1.816211371009473, -0.6918900460988446, 2.7675601843953856, 1.3837800921976893, -2.421615161345958, -0.4324312788117801, 2.85404644015774, 1.2972938364353368, -2.6810739286330314, -0.6054037903364886, 3.28647771896952, 0.6054037903364904, -1.7297251152471151, -0.43243127881177834]
[9.737160031954424, 11.007224383948476, 2.7518060959871207, -6.561999151969289, 6.138644367971267, 4.445225231979194, -5.503612191974234, -2.116773919990095, -0.42335478399801474, 3.3868382719841463, -5.503612191974241, -1.0583869599950475, -1.4817417439930622, 2.5401287039881097, -4.233547839980183, -1.2700643519940584, -1.905096527991077, 2.7518060959871207, -2.328451311989106, -1.4817417439930622]
[-1.1768875509423538, 2.3537751018847075, 5.716310961720012, 3.3625358598353046, -3.1944090668435337, 3.0262822738517627, -3.1944090668435337, -1.3450143439341176, 4.875676996761179, 3.0262822738517734, -4.707550203769419, -0.6725071719670623, 4.875676996761186, 3.02628227385177, -5.2119305827447135, -0.840633964958819, 5.21193058274471, 2.1856483088929437, -3.362535859835301, -1.1768875509423538]
[-5.12732591328923, -5.981880232170774, -1.9532670145863733, 3.1740588987028566, -2.5636629566446167, -3.05197971029121, 3.418217275526157, 1.3428710725281299, 0.24415837682329666, -2.6857421450562633, 3.5402964639378034, 0.73247513046989, 0.73247513046989, -2.07534620299802, 2.92990052187956, 0.73247513046989, 1.3428710725281334, -2.1974253914096735, 1.7091086377630766, 0.8545543188815401]
