[-18.24590678312068, -37.326894158505006, -20.343139135701122, -12.796648997837693, 8.556702124796537, -20.21594280231016, 21.47809456262698, 15.445695958464079, -2.6011118993478846, -8.42950579140556, 27.560881121466622, -0.7318517895119001, -3.030635960799316, -0.10077590935348724, 19.76245121021946, -4.189558918364405, 1.2596988669185798, 1.161375850963335, 12.847036952514436, -1.3629276696703059]
[19.479584286335694, 36.64574706442244, 21.407910352272282, 12.348030675703924, -8.798732874901148, 22.477572172507678, -21.669057153939505, -14.773575731408428, 0.11212354745558173, 10.589860779815623, -25.736706860346857, -2.827831716123683, 1.4389904716283581, 3.57831411209915, -19.33056103212408, 0.0, -1.4758901783843896, 3.665363045988215, -12.40606329829663, -0.7214660846790935]
[-18.958843609552318, -36.313369950843175, -21.402499442614143, -12.843624233035342, 14.035097985387623, -22.43612258021099, 19.511320761196444, 14.803105384496604, 1.6832425756391842, -12.911926703078876, 25.02700619069413, 4.431976800877791, -0.20793610577852206, -5.199984199986744, 20.979033089370816, 1.6938654129733735, 0.6784592543970476, -4.697592539365658, 13.26709058627867, 3.043189780081157]
[18.566320249428827, 34.76821611859464, 22.17700448056931, 12.817705101699971, -10.801263912777245, 24.834440084710465, -19.72681935220008, -15.045245363975113, -2.2940580224787652, 13.2437518459854, -25.6315616058194, -4.318196406562549, -0.42219814670491473, 5.756312342889913, -20.30514460479543, -1.9422262335580456, 0.08191215052579537, 2.3721215754239893, -12.673123788551095, -1.07858695224553]
[10.632972722731637, -6.155931576318295, -18.46779472895497, -13.990753582541615, 7.275191862921645, -0.5596301433016606, 14.550383725843275, 5.036671289714988, -34.13743874140157, 9.513712436128316, 18.467794728954942, 1.6788904299049818, -39.17411003111654, 16.788904299049946, 15.110013869144964, -1.678890429904996, -35.2566990280049, 18.467794728954942, 11.752233009334972, -3.357780859809992]
[17.800974505513196, 26.701461758269787, 11.125609065945753, 5.006524079675586, 3.3376827197837287, 11.681889519243029, -15.575852692324048, -11.681889519243029, 6.119084986270167, -2.781402266486438, -14.463291785729467, -2.7814022664864524, 6.119084986270167, -7.787926346162038, -10.569328612648434, 1.1125609065945667, 2.781402266486438, -6.675365439567457, -7.231645892864719, 0.5562804532972621]
[12.250191773293096, -6.737605475311199, -20.82532601459829, -15.312739716616392, 12.862701361957775, -4.900076709317247, 11.63768218462846, 4.900076709317247, -24.50038354658622, 0.6125095886646506, 18.987797248604323, 1.8375287659939659, -31.23798902189742, 4.287567120652568, 18.375287659939673, -0.6125095886646506, -29.400460255903454, 7.3501150639758634, 14.087720539287062, -1.8375287659939659]
[17.88075056526253, 29.20522592326212, 16.688700527578348, 12.516525395683772, -14.304600452210025, 21.456900678315037, -11.920500376841687, -12.516525395683772, -7.152300226104998, 12.516525395683757, -18.476775584104615, -7.152300226104998, 0.0, 8.344350263789181, -16.092675508736264, -4.1721751318945905, -1.7880750565262673, 7.748325244947097, -10.728450339157504, -3.576150113052506]
[12.59998678520435, -7.799991819412213, -17.399981750996474, -11.99998741448033, 6.599993077964172, -5.399994336516144, 13.799985526652392, 4.199995595068117, -24.59997419968468, 2.3999974828960546, 18.599980492444516, -0.5999993707240208, -28.199970424028763, 5.39999433651613, 17.99998112172051, -4.199995595068117, -26.399972311856715, 8.39999119013622, 12.599986785204337, -2.9999968536200754]
[17.162626806328063, 28.032290450335864, 17.162626806328063, 10.869663644007758, -14.874276565484323, 21.739327288015545, -8.0092258429531, -12.013838764429636, -10.869663644007773, 17.734714366538995, -18.30680192674994, -7.437138282742154, -2.8604378010546725, 13.730101445062445, -17.162626806328063, -6.292963162320291, -2.288350240843741, 12.01383876442965, -10.869663644007773, -5.720875602109359]
[14.42035956694562, -1.9664126682198741, -20.319597571605144, -18.353184903385298, 11.798476009319103, -7.865650672879411, 13.109417788132362, 5.24376711525295, -27.529777355077954, 0.6554708894066152, 20.975068461011773, 1.9664126682198457, -36.70636980677058, 6.554708894066181, 20.319597571605144, 0.6554708894066152, -38.017311585583826, 11.798476009319131, 15.731301345758823, 0.0]
[20.22971461555852, 31.39093647241839, 18.834561883451016, 10.46364549080613, -4.883034562376196, 20.92729098161226, -18.136985517397278, -15.346680053182325, 0.6975763660537382, 6.278187294483672, -22.322443713719707, -3.4878818302687478, 3.4878818302687478, 0.0, -16.74183278528983, 0.6975763660537382, -0.6975763660537382, -0.6975763660537382, -11.161221856859868, 0.0]
[6.803868111425857, 0.37799267285699045, -10.583794839995761, -11.33978018570977, 4.157919401426909, -4.5359120742839, 6.803868111425857, 2.6459487099989474, -15.119706914279682, -0.37799267285699756, 12.095765531423751, 3.4019340557129283, -22.30156769856253, 2.6459487099989403, 12.095765531423751, 4.157919401426909, -24.94751640856147, 5.291897419997888, 9.827809494281787, 3.4019340557129283]
[16.940625034771728, 23.45625004814545, 10.425000021397977, 3.9093750080242415, 11.076562522735358, 7.818750016048483, -19.546875040121208, -11.728125024072725, 13.031250026747472, -7.818750016048483, -18.895312538783855, -1.303125002674733, 13.682812528084838, -12.379687525410105, -13.031250026747443, 2.606250005349466, 8.470312517385878, -10.425000021397977, -9.121875018723244, 3.257812506686861]
[5.689538467194922, -3.7930256447966144, -11.379076934389857, -10.62047180543054, 9.103261547511892, -3.034420515837297, 4.172328209276287, 4.172328209276287, -15.172102579186493, 4.9309333382356115, 10.241169240950882, 9.103261547511877, -31.861415416291607, 9.103261547511892, 11.379076934389857, 9.482564111991536, -34.137230803169565, 8.34465641855256, 9.482564111991543, 6.827446160633926]
[12.878505374261337, 12.539597338096584, 5.761436614801127, 3.3890803616477214, 1.6945401808238572, 6.1003446509659085, -8.472700904119307, -8.13379286795454, 6.439252687130676, -7.7948848317897586, -8.811608940284088, -4.744712506306811, 14.573045555085216, -9.489425012613637, -6.100344650965894, -2.71126428931818, 10.84505715727272, -8.13379286795454, -4.066896433977263, -1.01672410849433]
[6.637363904689707, -4.424909269793147, -14.602200590317324, -14.159709663338027, 15.487182444275966, -0.8849818539586352, 3.539927415834512, 3.0974364888551804, -18.142128006151836, 4.424909269793147, 11.947255028441447, 11.062273174482826, -36.72674693928299, 8.407327612606949, 13.2747278093794, 11.062273174482826, -38.93920157417956, 8.407327612606949, 10.177291320524205, 8.407327612606949]
[15.206184502230158, 20.27491266964023, 11.9806302138783, 8.75507592552647, -5.5295216371745965, 12.441423683642853, -10.598249804584668, -11.9806302138783, 5.0687281674100575, -5.990315106939164, -14.74539103246562, -9.215869395291008, 22.118086548698415, -10.1374563348201, -11.51983674411376, -6.451108576703717, 17.970945320817478, -7.37269551623281, -8.755075925526455, -3.2255542883518586]
[12.101048772740512, -5.732075734456004, -15.922432595711228, -13.374843380397408, 16.559329899539648, -4.458281126799136, 6.36897303828448, 5.732075734456032, -23.565200241652576, 0.0, 17.196227203368096, 11.464151468912092, -42.0352220526776, 3.821383822970688, 19.10691911485344, 12.737946076568974, -47.13040048330518, 4.458281126799136, 14.648637988054318, 8.279664949769824]
[19.696971057743895, 31.133921994498422, 19.696971057743895, 15.884654078825719, -19.696971057743895, 21.60312954720297, -14.61388175251966, -16.520040241978734, 0.6353861631530151, 10.801564773601498, -22.238515710355998, -15.249267915672704, 14.61388175251966, 6.353861631530293, -21.60312954720297, -10.166178610448469, 11.436950936754528, 6.989247794683308, -13.343109426213601, -6.989247794683308]
[0.6150631377855973, -8.918415497891317, -12.91632589349777, -9.533478635676929, 14.76151530685459, -7.07322608453449, 2.7677841200352375, 4.920505102284864, -6.1506313778560795, -9.841010204569734, 8.610883928998518, 9.225947066784116, -12.301262755712159, -5.843099808963274, 11.378668049033749, 8.610883928998518, -17.221767857997037, -4.305441964499252, 8.918415497891317, 6.765694515641691]
[15.1941748970998, 13.92799365567484, 6.647451517481159, 6.014360896768679, -5.697815586412432, 9.496359310687382, -6.963996827837413, -8.2301780692624, -2.215817172493715, 6.014360896768672, -8.863268689974888, -6.330906207124919, 0.0, 3.79854372427495, -6.96399682783742, -4.115089034631197, -2.215817172493715, 4.43163434498743, -3.4819984139186886, -1.899271862137482]
[0.1963344775607112, -6.086368804381841, -8.638717012670988, -6.4790377595032425, 8.638717012670995, -3.534020596092681, 3.3376861185319697, 3.926689551214089, -7.068041192185355, -4.12302402877479, 7.264375669746055, 6.282703281942538, -11.780068653642253, -2.3560137307284528, 8.246048057549576, 5.890034326821137, -13.3507444741279, -1.5706758204856328, 6.675372237063947, 4.319358506335497]
[11.612427551739955, 9.379268407174578, 4.243002374674212, 4.019686460217674, -4.91295011804382, 7.146109262609194, -4.01968646021767, -5.136266032500366, -3.5730546313046005, 4.912950118043824, -4.689634203587289, -3.7963705457611354, -2.903106887934989, 4.019686460217677, -3.5730546313046005, -2.903106887934996, -4.243002374674212, 4.243002374674212, -1.1165795722826886, -0.8932636578261466]
[0.6420324301008016, 2.6323329634132975, 2.8249426924435372, 2.2471135053528126, -2.760739449433455, 1.1556583741814457, -1.5408778322419288, -1.47667458923185, 2.6323329634132957, 1.0914551311713687, -2.696536206423378, -2.054503776322573, 4.109007552645146, 0.32101621505040256, -3.0175524214737806, -1.9903005333124906, 4.81524322575603, 0.12840648602016103, -2.182910262342734, -1.4766745892318482]
[0.011031190417472109, 0.008329674396866701, 0.0018010106804036072, 0.002026137015454066, -0.0024763896855549694, 0.006303537381412639, -0.003376895025756766, -0.0042774003659585835, -0.004952779371109925, 0.004502526701009028, -0.002926642355655866, -0.0024763896855549694, -0.00562815837626128, 0.004052274030908125, -0.0018010106804036072, -0.0013507580103027106, -0.00810454806181625, 0.004502526701009028, 0.0, -0.00022512633505045176]
[1.3112924855383028, -8.523401155998954, -13.112924855383, -9.834693641537257, 14.424217340921302, -7.53993179184522, 4.261700577999477, 6.228639306306917, -9.179047398768091, -8.851224277383537, 10.490339884306408, 9.834693641537257, -16.391156069228757, -5.245169942153204, 12.785101733998438, 8.851224277383523, -19.997210404459082, -4.58952369938406, 9.179047398768105, 6.556462427691514]
[13.957625289283229, 14.57796419102916, 6.513558468332171, 5.583050115713299, -5.272880664840336, 9.925422427934748, -7.754236271824027, -8.064405722696975, -1.5508472543647969, 5.893219566586247, -8.994914075315855, -6.203389017459216, 0.6203389017459244, 4.652541763094405, -7.444066820951058, -4.652541763094412, -1.5508472543647969, 5.5830501157132915, -4.03220286134848, -3.101694508729622]
[-0.7130444977459618, -5.704355981967751, -7.843489475205651, -5.7043559819677405, 8.200011724078632, -4.8130503597852865, 3.20870023985686, 3.921744737602822, -4.8130503597852865, -5.526094857531252, 6.773922728586694, 5.88261710640424, -8.913056221824604, -3.208700239856853, 7.486967226332666, 5.526094857531248, -11.230450839498996, -3.386961364293345, 5.34783373309476, 4.1000058620393105]
[9.405805754011482, 8.405188120606013, 3.602223480259717, 2.601605846854241, -3.0018529002164343, 5.803582273751768, -5.003088167027386, -4.802964640346293, -1.4008646867676617, 3.001852900216427, -5.003088167027386, -3.2019764268975237, -0.6003705800432897, 2.4014823201731446, -3.602223480259717, -2.4014823201731446, -2.8017293735353306, 3.2019764268975166, -1.6009882134487583, -1.2007411600865723]
[1.3273770207781226, 5.430178721365028, 5.430178721365028, 4.3441429770920195, -5.55084935961758, 3.016765956313904, -2.7754246798087934, -2.8960953180613487, 3.7407897858292394, 2.7754246798087934, -5.188837444859917, -4.102801700586909, 7.119567656900813, 1.5687182972832332, -5.550849359617583, -3.982131062334357, 7.843591486416152, 1.5687182972832332, -3.9821310623343535, -2.7754246798087934]
[-3.226460223828079, -2.2181914038818054, -0.3360896066487591, -0.4033075279785088, 0.470525449308262, -1.8148838759032948, 1.075486741276027, 1.1427046626057766, 1.546012190584289, -1.0082688199462737, 0.8738329772867708, 0.470525449308262, 1.6132301119140404, -0.941050898616524, 0.40330752797851055, 0.26887168531900585, 2.2181914038818036, -1.0754867412760252, -0.06721792132975146, 0.0]
[0.26484073768280325, -7.680381392801763, -11.123310982678419, -8.210062868167412, 12.182673933409703, -6.885859179753311, 4.5022925406079395, 5.031974015973567, -7.150699917436128, -6.885859179753318, 9.26942581889869, 8.21006286816742, -13.771718359506622, -4.5022925406079395, 10.858470244995601, 8.210062868167412, -17.214647949383277, -4.237451802925115, 7.945222130484588, 6.0913369667048585]
[11.440173626556195, 10.694075346563395, 4.476589679956774, 3.9791908266282405, -3.233092546635447, 7.460982799927951, -6.9635839465994245, -6.466185093270887, -0.4973988533285336, 3.481791973299714, -7.212283373263688, -4.227890253292507, 0.9947977066570601, 2.7356936933069207, -5.471387386613834, -2.9843931199711804, -0.9947977066570601, 2.9843931199711804, -2.9843931199711804, -1.9895954133141203]
[-0.6119363135905829, -4.895490508724691, -7.037267606291742, -4.895490508724688, 7.3432357630870335, -4.74250643032704, 2.9066974895552846, 3.3656497247482235, -3.518633803145871, -4.283554195134101, 5.660410900712918, 4.895490508724688, -7.649203919882325, -2.753713411157637, 6.425331292701156, 4.589522351929396, -9.026060625461149, -2.9066974895552846, 4.742506430327047, 3.3656497247482235]
[6.3306853443307, 5.611289282474942, 2.0143089731961332, 1.5826713360826759, -1.2949129113403721, 4.028617946392265, -3.5969803092788073, -3.596980309278809, -0.7193960618557611, 1.4387921237115258, -3.4531010969076554, -2.158188185567287, 0.14387921237115364, 0.8632752742269112, -2.445946610309587, -1.2949129113403721, -1.1510336989692185, 1.2949129113403721, -1.1510336989692185, -1.0071544865980648]
[-0.22610623964212273, -1.102267918255352, -1.2718475979869437, -0.9044249585684931, 1.3849007178080055, -0.8478983986579625, 0.5652655991053086, 0.6217921590158388, -0.6217921590158397, -0.7913718387474313, 1.04574135834482, 0.9044249585684945, -1.3566374378527408, -0.45221247928424635, 1.1870577581211474, 0.8196351187026973, -1.5827436774948636, -0.5370023191500435, 0.8478983986579625, 0.6217921590158397]
[-1.007159914638585, -0.7882121071084569, -0.1532634652710887, -0.1532634652710887, 0.10947390376506316, -0.5473695188253176, 0.41600083430724144, 0.41600083430724144, 0.30652693054217783, -0.21894780753012721, 0.3941060535542289, 0.21894780753012633, 0.2189478075301281, -0.17515824602410213, 0.2408425882831402, 0.13136868451807615, 0.41600083430724055, -0.21894780753012633, 0.06568434225903808, 0.04378956150602509]
[0.06266361610884208, 0.22217100256771305, 0.24495777206183744, 0.19368754070005756, -0.26774454155596183, 0.15950738645887086, -0.10823715509709098, -0.13102392459121548, 0.12532723221768438, 0.17090077120593317, -0.21077761782065085, -0.17659746357946426, 0.25065446443536854, 0.09684377035002878, -0.23926107968830623, -0.16520407883240207, 0.3190147729177417, 0.10254046272355988, -0.16520407883240196, -0.13102392459121548]
[-0.34467812437824463, -0.24414700476792328, -0.05744635406304077, -0.05744635406304077, 0.04308476554728058, -0.17233906218912232, 0.12925429664184174, 0.12925429664184174, 0.11489270812608154, -0.07180794257880097, 0.10771191386820167, 0.06462714832092065, 0.10053111961032135, -0.07180794257880097, 0.07180794257880119, 0.03590397128940048, 0.15797747367336212, -0.07180794257880097, 0.014361588515760193, 0.014361588515760193]
[10.509669107880143, -7.190826231707462, -18.80677629831183, -15.48793342213915, 16.04107390150125, -7.190826231707462, 6.637685752345362, 7.190826231707462, -19.91305725703606, -10.509669107880143, 16.041073901501278, 14.381652463414923, -30.9758668442783, -5.531404793621135, 19.91305725703606, 13.828511984052824, -37.61355259662366, -2.212561917448454, 15.48793342213915, 11.06280958724227]
[21.541998237251846, 31.484458962137268, 18.22784466229001, 15.46605001648848, -17.1231268039694, 22.64671609557243, -12.151896441526674, -15.46605001648848, -6.628307149923643, 17.675485733129705, -16.570767874809093, -13.808973229007577, -1.6570767874809178, 13.256614299847286, -16.0184089456488, -11.047178583206062, -1.6570767874809178, 12.151896441526674, -9.390101795725144, -6.628307149923643]
[10.847472938148854, -7.42195516820712, -17.698508478032323, -17.12758884970873, 16.556669221385107, -7.9928747965307565, 7.421955168207134, 7.4219551682070914, -20.553106619650464, -10.847472938148854, 16.556669221385107, 14.272990708090589, -31.40057955779932, -6.280115911559875, 19.41126736300322, 14.272990708090617, -37.10977584103557, -3.4255177699417487, 15.414829964737848, 10.847472938148869]
[22.571002037134434, 30.278173464448628, 18.16690407866919, 14.86383060982024, -16.51536734424471, 22.571002037134434, -11.010244896163144, -14.86383060982024, -7.707171427314194, 18.166904078669177, -16.51536734424471, -13.76280612020392, -2.202048979232643, 13.762806120203948, -16.51536734424471, -11.560757140971305, -2.202048979232643, 13.762806120203933, -9.358708161738676, -7.707171427314194]
[11.604376232357254, -7.736250821571474, -18.235448365132825, -16.57768033193892, 17.13026967633688, -7.18366147717353, 6.078482788377613, 7.18366147717353, -19.8932163983267, -9.946608199163364, 15.472501643143005, 14.36732295434706, -30.94500328628598, -5.5258934439796406, 19.340627053928728, 13.814733609949116, -37.57607541906155, -2.210357377591862, 14.919912298745018, 10.499197543561323]
[22.73829104747972, 31.05717801606984, 18.301551330898306, 14.973996543462235, -16.083181472607592, 21.62910611833435, -11.646441756026192, -15.528589008034913, -5.545924645726757, 16.63777393718027, -16.63777393718027, -13.310219149744228, -1.1091849291453428, 13.310219149744213, -16.63777393718027, -12.20103422059887, -1.109184929145357, 13.864811614316892, -9.982664362308157, -7.209702039444778]
[10.331139079291347, -7.068674106883577, -17.943557348242848, -15.768580699971011, 15.768580699971011, -7.068674106883563, 6.524929944815597, 7.612418268951515, -19.57478983444676, -10.8748832413593, 16.312324862038963, 13.593604051699145, -30.44967307580609, -5.43744162067965, 19.57478983444676, 13.593604051699131, -36.97460302062166, -2.1749766482718655, 14.681092375835078, 9.78739491722338]
[22.17971749707681, 31.606097433334455, 18.298266935088364, 14.971309310526848, -16.634788122807606, 22.734210434503723, -11.644351685965319, -14.971309310526848, -7.20840818654996, 17.74377399766145, -16.634788122807606, -13.862323435673005, -1.6634788122807578, 13.862323435672991, -17.189281060234507, -11.089858748538418, -1.6634788122807436, 13.307830498246062, -9.980872873684547, -7.762901123976889]
[11.064043407667668, -7.19162821498395, -17.702469452268332, -16.59606511150153, 16.04286294111816, -7.191628214984007, 6.085223874217235, 7.744830385367379, -20.46848030418522, -9.957639066900924, 16.042862941118145, 14.383256429968, -31.532523711852917, -5.532021703833848, 19.362075963418462, 14.383256429967986, -38.170949756453524, -2.212808681533545, 15.489660770734787, 10.510841237284296]
[23.050536726582834, 31.483659919235123, 18.552871023834967, 14.617413533930588, -16.866246385304535, 23.050536726582862, -11.24416425686968, -14.617413533930588, -8.433123192652275, 17.428454598148022, -16.30403817246105, -14.0552053210871, -1.1244164256869595, 13.492997108243614, -16.86624638530452, -11.806372469713153, -1.1244164256870022, 13.492997108243628, -9.557539618339206, -8.43312319265226]
[11.204831033729988, -7.283140171924515, -18.487971205654475, -16.24700499890848, 16.807246550594996, -7.283140171924515, 5.602415516864994, 7.283140171924515, -19.04821275734099, -10.084347930356998, 15.12652189553549, 14.566280343848987, -31.37352689444397, -5.042173965178492, 18.487971205654475, 14.006038792162485, -38.096425514681954, -1.6807246550595067, 15.686763447221992, 10.084347930356984]
[22.60808301412527, 31.65131621977538, 18.65166848665335, 15.260456034534542, -16.95606226059394, 22.60808301412527, -9.608435281003239, -13.564849808475174, -10.738839431709494, 18.086466411300208, -16.39086018524081, -14.130051883828301, -2.260808301412524, 14.130051883828287, -16.39086018524081, -12.434445657768904, -1.6956062260593967, 14.130051883828287, -10.173637356356352, -7.91282905494387]
[10.512174039232036, -7.1925401321061315, -17.704714171338168, -15.491624899920879, 14.938352582066557, -7.1925401321061315, 6.6392678142518236, 7.7458124499604395, -19.917803442755428, -10.512174039232036, 16.044897217775215, 13.831807946357927, -30.983249799841772, -5.532723178543179, 19.36453112490112, 14.385080264212249, -37.622517614093596, -2.2130892714172603, 15.491624899920879, 9.958901721377714]
[23.807960215162552, 31.743946953550108, 17.57254206357237, 14.738261085576823, -16.43882967237414, 23.241104019563465, -11.33712391198219, -14.738261085576823, -8.502842933986642, 17.005685867973284, -15.871973476775054, -14.171404889977708, -1.7005685867973455, 13.604548694378622, -17.005685867973256, -11.33712391198219, -1.7005685867973455, 13.604548694378622, -10.770267716383046, -7.935986738387555]
[10.997920915965551, -7.698544641175886, -18.14656951134313, -15.946985328150049, 17.046777419746604, -7.698544641175886, 6.598752549579331, 7.14864859537758, -19.796257648737964, -9.898128824368982, 15.946985328150035, 13.74740114495691, -31.344074610501764, -4.949064412184498, 19.246361602939686, 13.197505099158633, -36.29313902268626, -2.7494802289913878, 15.397089282351772, 9.898128824368968]
[23.089884796572363, 31.53740362458663, 18.5845414216314, 14.642365968558067, -17.458205577896166, 21.96354895283713, -7.884350906146665, -13.516030124822834, -11.826526359219997, 16.89503765602855, -15.768701812293315, -13.516030124822834, -1.6895037656028506, 12.952862202955217, -16.331869734160932, -11.263358437352366, -2.8158396093380986, 14.642365968558067, -10.700190515484735, -7.321182984279034]
[10.146896520574614, -7.476660594107614, -17.6235571146822, -15.487368373508616, 15.487368373508602, -7.476660594107599, 6.942613408814211, 7.476660594107599, -19.22569867056241, -10.680943705868003, 15.487368373508602, 14.41927400292181, -29.906642376430412, -5.874519038227405, 19.22569867056241, 13.885226817628407, -36.84925578524462, -2.136188741173598, 14.953321188215213, 10.680943705868003]
[24.61221908871636, 30.205905245242775, 18.459164316537255, 14.543584006968757, -16.221689853926677, 21.81537601045312, -12.30610954435818, -14.543584006968757, -6.71242338783172, 16.78105846957932, -16.78105846957932, -13.424846775663454, -1.118737231305289, 13.424846775663454, -16.78105846957932, -12.30610954435818, -1.118737231305289, 13.984215391316098, -10.628003697400231, -8.390529234789653]
[11.069057499049137, -7.194887374381949, -17.710491998478602, -15.496680498668809, 14.94322762371634, -7.194887374381935, 7.194887374381935, 7.74834024933439, -21.031209248193363, -8.855245999239301, 15.496680498668795, 13.836321873811414, -31.546813872290045, -4.981075874572099, 19.370850623335997, 13.836321873811414, -37.63479549676708, -1.6603586248573663, 14.943227623716353, 10.515604624096682]
[24.44806181884644, 32.0153190484894, 19.20919142909362, 15.716611169258428, -18.62709471912109, 23.283868398901376, -8.731450649588027, -13.388224329368285, -12.806127619395767, 17.46290129917604, -16.29870787923096, -13.970321039340831, -1.746290129917611, 13.388224329368299, -16.29870787923096, -12.22403090942322, -2.3283868398901575, 14.552417749313378, -10.477740779505638, -8.14935393961548]
[4.400894254672153, -7.921609658409878, -13.202682764016458, -11.882414487614795, 10.12205678574594, -0.8801788509344277, 4.8409836801393595, 3.5207154037377393, -16.283308742286977, 0.0, 12.32250391308203, 8.801788509344306, -27.285544378967344, 4.400894254672153, 13.64277218948368, 8.361699083877085, -31.246349208172276, 7.041430807475436, 10.562146211213161, 6.161251956541022]
[17.641885503452613, 19.45130965765287, 9.951832848101475, 5.428272462600816, -10.856544925201618, 14.475393233602155, -9.951832848101482, -9.951832848101475, -2.714136231300401, 7.237696616801074, -12.665969079401876, -7.690052655351138, 3.1664922698504654, 4.975916424050737, -9.951832848101475, -5.428272462600802, 0.0, 4.071204346950594, -5.428272462600802, -2.714136231300401]
[4.357850762177705, -7.844131371919872, -13.509337362750912, -11.330411981662039, 10.023056753008731, -0.4357850762177691, 5.229420914613257, 3.4862806097421526, -16.99561797249305, 0.4357850762177691, 11.766197057879822, 8.27991644813764, -27.454459801719594, 5.229420914613257, 13.509337362750912, 7.844131371919886, -30.94074041146176, 7.844131371919886, 10.458841829226515, 4.79363583839546]
[18.67131067583884, 19.58210631856271, 9.107956427238463, 5.009376034981145, -9.563354248600376, 12.751138998133854, -10.018752069962318, -10.018752069962318, -1.366193464085768, 6.830967320428854, -12.75113899813384, -7.741762963152695, 3.6431825708953625, 4.553978213619246, -10.018752069962318, -5.464773856343072, 0.0, 4.098580392257304, -5.009376034981159, -2.732386928171536]
[2.6094903085210746, -7.4556865957744805, -11.929098553239186, -10.065176904295555, 8.574039585140667, -0.745568659577458, 4.84619628725342, 3.7278432978872473, -15.284157521337704, 1.1183529893661728, 10.437961234084284, 7.828470925563224, -24.603765766055815, 5.591764946830864, 11.929098553239172, 6.710117936197037, -27.213256074576876, 6.337333606408322, 9.692392574506826, 5.218980617042149]
[16.554420812038686, 16.958187173307934, 8.075327225384726, 4.03766361269237, -8.07532722538474, 12.112990838077103, -8.075327225384733, -8.882859947923194, -2.422598167615419, 5.248962696500072, -10.497925393000145, -6.460261780307789, 2.4225981676154333, 3.6338972514231216, -8.075327225384726, -5.248962696500072, 0.0, 3.2301308901538874, -4.037663612692356, -2.4225981676154333]
[7.526597377502043, -5.376140983930014, -15.053194755004114, -13.977966558218085, 11.289896066253064, 1.0752281967860142, 4.838526885537036, 2.688070491965007, -20.96694983732712, 2.688070491965007, 12.365124263039078, 8.601825574288057, -32.79446000197322, 6.451369180716057, 15.053194755004085, 9.13943967268105, -38.70821508429623, 10.214667869467064, 13.440352459825078, 5.913755082323036]
[20.872790584883234, 24.717778324203834, 13.732099069002118, 8.788543404161373, -15.37995095728239, 17.027802845562633, -11.534963217961788, -12.633531143481946, -1.0985679255201717, 8.78854340416136, -15.929234920042475, -10.985679255201688, 6.591407553121016, 7.140691515881102, -14.83066699452229, -8.788543404161373, 4.394271702080687, 4.394271702080687, -7.689975478641202, -4.3942717020806725]
[4.988176629807839, -8.16247084877645, -14.511059286713675, -11.790235670454862, 11.790235670454862, -0.9069412054195993, 4.534706027098025, 3.174294218968612, -15.871471094843088, -0.45347060270979966, 12.697176875874462, 8.16247084877645, -27.66170676529795, 3.6277648216784257, 14.511059286713675, 8.162470848776437, -31.28947158697636, 6.802059040647038, 10.883294465035249, 5.441647232517639]
[20.46174384978457, 22.50791823476304, 11.253959117381513, 5.115435962446142, -11.765502713626134, 14.834764291093819, -10.742415521136905, -10.742415521136891, -3.0692615774676852, 8.696241136158449, -14.323220694849212, -9.207784732403056, 3.5808051737122923, 6.650066751179992, -11.765502713626134, -6.650066751179992, -0.5115435962446071, 5.115435962446142, -5.626979558690763, -2.557717981223078]
[8.274976745538765, -6.068316280061794, -18.75661395655453, -14.34329302560053, 17.653283723816045, -4.413320930954015, 3.861655814584765, 2.2066604654770003, -14.34329302560053, -3.861655814584765, 13.23996279286203, 9.378306978277266, -28.13492093483181, 1.4210854715202004e-14, 16.54995349107753, 9.92997209464653, -34.20323721489359, 4.413320930954001, 13.23996279286203, 6.068316280061765]
[23.099879306512136, 27.246011489732282, 14.215310342469024, 7.107655171234498, -14.807614940071886, 17.17683333048339, -14.21531034246901, -14.215310342469024, 0.5923045976028902, 9.476873561646002, -17.769137928086266, -11.84609195205752, 7.107655171234512, 7.107655171234512, -14.8076149400719, -7.699959768837388, 1.7769137928086423, 5.92304597602876, -7.699959768837402, -4.146132183220118]
[6.241946651740648, -6.241946651740648, -17.165353292286767, -14.564542187394835, 17.68551551326516, -3.641135546848716, 3.641135546848716, 2.0806488839135397, -13.524217745438051, -4.161297767827108, 13.524217745438065, 8.322595535654202, -26.52827326989774, -1.040324441956784, 16.125028850329997, 9.362919977610972, -31.209733258703224, 3.641135546848716, 13.004055524459659, 6.241946651740648]
[22.13301318133736, 24.403065815320673, 13.620315803899913, 7.9451842189416055, -14.755342120891555, 15.890368437883211, -13.052802645404071, -13.052802645404086, 0.0, 8.512697377437448, -16.457881596379067, -10.782750011420774, 6.242644743454136, 6.242644743454122, -13.052802645404086, -6.81015790194995, 0.567513158495828, 5.675131584958294, -7.377671060445778, -3.405078950974982]
[5.463500514438465, -5.9601823793873905, -16.88718340826435, -13.907092218570625, 15.893819678366427, -3.4767730546426634, 3.9734549195916173, 2.9800911896937095, -14.403774083519579, -3.4767730546426634, 12.913728488672731, 9.436955434030068, -27.317502572192325, 1.4210854715202004e-14, 14.900455948468519, 10.927001028876944, -32.781003086630776, 4.966818649489511, 11.92036475877481, 6.953546109285327]
[21.531047633015703, 24.222428587142673, 11.303800007333251, 5.382761908253926, -11.842076198158637, 17.224838106412562, -12.918628579809422, -12.918628579809422, -1.0765523816507852, 8.074142862380896, -15.071733343111006, -10.227247625682466, 5.921038099079311, 5.38276190825394, -11.84207619815865, -7.535866671555496, 1.6148285724761848, 4.306209526603141, -5.921038099079311, -3.2296571449523412]
[5.958966504867988, -6.952127589012633, -15.890577346314615, -13.90425517802528, 15.393996804242278, -3.4760637945063166, 4.4692248786509765, 2.979483252433994, -14.89741626216994, -2.979483252433994, 12.911094093880621, 9.931610841446627, -28.80167144019522, 1.4897416262169827, 15.8905773463146, 9.435030299374318, -32.774315776773875, 4.9658054207233135, 12.911094093880607, 6.4555470469403105]
[20.184278402238306, 23.371269728907507, 12.216800085565282, 6.373982653338416, -12.216800085565282, 15.934956633346019, -13.279130527788354, -12.216800085565282, -1.0623304422230717, 8.498643537784545, -15.934956633346033, -9.560973980007617, 5.84281743222688, 5.31165221111533, -12.216800085565282, -6.905147874449938, 1.5934956633345934, 3.718156547780737, -5.84281743222688, -2.655826105557651]
[4.212058367797411, -8.424116735594822, -13.899792613731421, -11.793763429832751, 12.214969266612485, -2.1060291838986984, 5.054470041356865, 3.790852531017677, -16.005821797630134, 0.421205836779734, 12.214969266612485, 8.424116735594794, -27.378379390683136, 4.633264204577159, 13.899792613731435, 7.581705062035326, -30.74802608492105, 8.00291089881506, 10.108940082713787, 5.054470041356879]
[18.286324519094222, 18.732332434194063, 8.920158301997176, 4.906087066098436, -8.028142471797452, 12.488221622796047, -10.704189962396597, -9.812174132196901, -0.8920158301997105, 4.906087066098436, -12.042213707696177, -6.6901187264979, 4.01407123589874, 3.122055405699001, -9.366166217097032, -4.906087066098436, -0.8920158301997247, 3.1220554056990153, -4.460079150998595, -2.2300395754992905]
[4.0869090891939095, -5.944595038827501, -12.260727267581743, -11.889190077655002, 11.517652887728289, -1.8576859496335913, 3.34383470934047, 4.0869090891939095, -14.118413217215334, 1.1146115697801662, 8.916892558241258, 7.43074379853438, -23.778380155310018, 2.9722975194137575, 10.03150412802141, 8.173818178387819, -26.007603294870336, 2.6007603294870307, 8.173818178387819, 5.573057848900788]
[15.162429380021948, 16.717550342075484, 8.941945531807818, 6.609264088727514, -5.831703607700746, 8.164385050781043, -7.775604810267673, -9.330725772321188, 3.499022164620442, 0.0, -12.44096769642826, -7.775604810267666, 13.607308417968412, -1.555120962053536, -10.497066493861354, -6.998044329240884, 10.885846734374724, 0.388780240513384, -7.386824569754268, -4.665362886160608]
[7.254361935721576, -6.287113677625371, -16.926844516683687, -13.541475613346961, 17.894092774779907, -6.7707378066734805, 3.3853689033367402, 4.836241290481055, -11.123354968106426, -5.319865419529151, 10.639730839058302, 10.15610671001022, -23.697582323357167, -3.385368903336726, 12.574227355250741, 10.15610671001022, -26.599327097645812, -1.934496516192425, 10.156106710010206, 7.7379860647697]
[20.164951267988684, 22.132263586816848, 10.820217753554914, 6.393765036191525, -8.361077355019688, 13.279358152090111, -9.344733514433784, -9.836561594140818, -1.4754842391211298, 5.901936956484491, -15.738498550625309, -11.803873912968996, 11.312045833261948, 5.410108876777443, -14.263014311504179, -9.836561594140818, 8.852905434726722, 6.885593115898587, -8.85290543472675, -7.377421195605621]
[7.448212309202972, -5.586159231902229, -15.827451157056345, -13.03437154110523, 20.017070580983017, -9.775778655828901, 2.7930796159511004, 4.655132693251872, -7.448212309202987, -6.982699039877801, 8.379238847853358, 8.379238847853358, -18.155017503682274, -5.1206459625770435, 11.172318463804473, 9.31026538650373, -22.810150196934146, -3.2585928852763004, 9.31026538650373, 6.517185770552615]
[23.1838196844963, 24.1918118446918, 11.591909842248143, 5.039960800977454, -7.055945121368438, 14.111890242736877, -12.095905922345906, -12.599902002443628, 2.51998040048872, 4.031968640781969, -17.135866723323346, -11.087913762150407, 15.623878483030111, 2.0159843203909844, -14.615886322834626, -9.071929441759423, 12.599902002443642, 2.519980400488734, -9.071929441759423, -6.551949041270689]
[7.3410043512976415, -7.341004351297627, -15.660809282768255, -13.213807832335704, 14.192608412508719, -3.4258020306055528, 6.362203771124598, 5.8728034810380905, -18.597211023287286, 0.48940029008650754, 11.256206671989673, 8.319804931470642, -28.874617115103987, 3.425802030605567, 12.72440754224921, 7.830404641384121, -30.342817985363496, 2.9364017405190452, 9.298605511643657, 5.383403190951597]
[19.14350489651588, 20.966695839041193, 10.027550183889247, 7.2927637701012955, -9.571752448257932, 12.306538862045912, -9.115954712626603, -10.027550183889261, -0.45579773563133585, 6.381168298838631, -14.129729804571241, -10.483347919520597, 9.571752448257925, 5.469572827575973, -13.218134333308583, -9.11595471262659, 6.8369660344699525, 7.292763770101274, -8.204359241363946, -6.381168298838617]
[5.283532708165808, -7.3156606728449844, -13.412044566882486, -10.97349100926749, 13.005618973946653, -2.0321279646791623, 5.689958301101655, 5.283532708165836, -17.069874903304992, 1.6257023717433299, 10.160639823395826, 6.096383894037501, -24.385535576149977, 2.844979150550813, 10.973491009267505, 6.502809486973334, -26.417663540829153, 2.8449791505508415, 8.534937451652482, 4.064255929358339]
[16.596596258139826, 18.21577638088516, 8.500695644413085, 5.667130429608719, -7.286310552354067, 13.76303104333546, -7.691105583040411, -9.310285705785745, -2.4287701841180223, 7.691105583040404, -12.548645951276448, -9.310285705785759, 6.476720490981393, 7.691105583040411, -11.739055889903781, -8.500695644413085, 4.452745337549715, 8.50069564441307, -7.286310552354053, -5.667130429608733]
[3.76994799996595, -4.398272666626937, -10.053194666575891, -9.110707666584382, 5.654921999948932, 3.1416233333049632, 5.026597333287938, 4.084110333296451, -19.79222699982126, 7.854058333262408, 7.854058333262401, 5.969084333279426, -26.38963599976168, 8.796545333253896, 8.168220666592909, 5.340759666618425, -25.447148999770192, 6.911571333270913, 6.597408999940427, 3.455785666635464]
[15.597996696759424, 18.12740156650419, 8.852917044106704, 6.323512174361923, -3.7941073046171567, 7.166647130943517, -8.00978208752511, -8.009782087525096, 2.1078373914539696, -0.42156747829079677, -13.068591827014643, -8.852917044106704, 13.068591827014643, -1.6862699131631729, -10.960754435560673, -6.74507965265272, 8.85291704410669, 1.2647024348723903, -6.74507965265272, -5.058809739489547]
[4.463146226712183, -7.587348585410709, -15.621011793492627, -12.050494812122878, 15.621011793492627, -4.0168316040409735, 4.909460849383407, 4.909460849383393, -14.28206792547897, -0.8926292453424338, 10.711550944109234, 8.033663208081919, -25.439933492259428, 0.892629245342448, 12.050494812122878, 7.587348585410695, -26.77887736027307, 1.3389438680136578, 9.372607076095576, 5.802090094725827]
[17.916800864968735, 19.19657235532364, 8.5318099356994, 5.972266954989571, -7.252038445344489, 12.7977149035491, -7.252038445344489, -9.811581426054303, -3.412723974279757, 8.105219438914418, -13.22430540033406, -10.238171922839271, 7.252038445344482, 6.825447948559528, -11.944533909979157, -8.105219438914432, 4.265904967849693, 7.67862894212945, -7.252038445344482, -5.972266954989578]
[3.4257322723735797, -6.166318090272441, -11.9900629533075, -10.27719681712071, 14.045502316731643, -6.166318090272426, 3.4257322723735655, 4.453451954085651, -8.564330680933935, -3.083159045136213, 8.221757453696583, 7.194037771984483, -17.471234589105208, -2.055439363424142, 9.592050362645992, 7.879184226459216, -20.21182040700407, -1.027719681712064, 7.536610999221857, 5.481171635797708]
[14.577246820330842, 15.643874636452608, 6.755309502104538, 3.5554260537392324, -3.1998834483653056, 9.244107739721997, -8.53302252897415, -7.821937318226304, 1.0666278161217662, 2.488798237617466, -11.021820766591631, -7.466394712852377, 9.244107739722011, 1.066627816121752, -8.533022528974143, -6.044224291356684, 6.044224291356684, 2.1332556322435465, -5.688681685982772, -3.5554260537392395]
[4.574902250052787, -6.862353375079181, -11.437255625131968, -9.53104635427664, 6.481111520908115, 0.3812418541710656, 6.09986966673705, 4.574902250052787, -19.06209270855328, 4.956144104223853, 10.293530062618771, 6.862353375079181, -28.211897208658854, 7.243595229250246, 10.293530062618771, 6.862353375079181, -28.59313906282992, 4.956144104223853, 8.768562645934509, 4.574902250052787]
[17.229809650262098, 18.952790615288336, 10.337885790157259, 7.753414342617951, -9.045650066387608, 8.614904825131056, -8.184159583874504, -8.184159583874504, 1.2922357237696502, 1.722980965026224, -12.922357237696588, -9.907140548900713, 12.491611996440028, 1.2922357237696644, -12.060866755183483, -8.18415958387449, 9.045650066387594, 3.876707171308979, -7.753414342617944, -5.599688136335203]
[5.6199842474096755, -4.817129354922585, -12.042823387306441, -10.437113602332232, 7.2256940323838705, 3.612847016191921, 5.619984247409661, 4.0142744624354805, -23.684219328369323, 8.831403817358051, 9.634258709845156, 6.824266586140311, -32.11419569948383, 11.641395941062896, 9.634258709845142, 6.422839139896766, -32.515623145727375, 10.035686156088701, 8.028548924870961, 3.612847016191921]
[15.379926010217844, 17.87396806592885, 9.560494546892173, 5.819431463325671, -3.325389407614672, 7.066452491181174, -10.807515574747669, -10.391841898795846, 8.313473519036677, -1.24702102785551, -13.301557630458674, -9.560494546892173, 15.379926010217844, -2.078368379759169, -12.054536602603179, -7.4821261671330035, 12.054536602603179, 0.0, -7.89779984308484, -4.988084111421998]
