[-0.24058890392061993, 0.015036806495039023, 0.2706625169106971, 0.34584654938589043, -0.03007361299007716, 0.30073612990077425, 0.21051529093054233, 0.16540487144542615, -0.36088335588092946, 0.5563618403164328, 0.3157729363958133, 0.2856993234057359, -1.052576454652711, 0.5864354533065104, 0.36088335588092946, 0.2856993234057357, -1.248054939088214, 0.09022083897023236, -0.24058890392061993, -0.2405889039206195]
[-0.24058890392061993, 0.015036806495039023, 0.2706625169106971, 0.34584654938589043, -0.03007361299007716, 0.30073612990077425, 0.21051529093054233, 0.16540487144542615, -0.36088335588092946, 0.5563618403164328, 0.3157729363958133, 0.2856993234057359, -1.052576454652711, 0.5864354533065104, 0.36088335588092946, 0.2856993234057357, -1.248054939088214, 0.09022083897023236, -0.24058890392061993, -0.2405889039206195]
[2.5831691371952488, 0.0, -4.036201776867571, -4.359097919016968, 3.067513350419347, -3.067513350419347, -2.42172106612054, -2.4217210661205364, 4.681994061166375, -4.681994061166375, -3.5518575636434555, -3.0675133504193504, 9.686884264482153, -5.3277863454651815, -3.8747537057928625, -3.0675133504193504, 12.108605330602689, -0.32289614214940343, 2.0988249239711365, 1.9373768528964277]
[1.1576897565756639, 1.4471121957195763, 0.0, -0.0723556097859781, 2.966580001225134, 2.5324463425092603, 1.5918234152915378, 1.3747565859335982, -6.5120048807381, 2.387735122937304, 1.591823415291536, 1.5194678055055562, -7.018494149239952, 1.0853341467896822, 1.157689756575662, 0.9406229272177278, -4.992537075232544, 0.28942243914391597, -0.21706682935793964, -0.506489268501852]
[1.4340405683336073, -0.3773790969298929, -2.5661778591233038, -2.4152262203513395, 1.8114196652635037, -1.3585647489476287, -0.7547581938597965, -0.7547581938597947, 0.9057098326317519, -2.9435569560531967, -1.6604680264915466, -1.4340405683336108, 5.283307357018561, -3.2454602335971146, -2.264274581579386, -1.9623713040354653, 7.698533577369905, -0.37737909692989646, 1.584992207105568, 1.5095163877195894]
[1.4500381038648626, 0.8055767243693666, -0.6444613794954925, -0.5639037070585573, 5.558479398148636, 3.2223068974774716, 2.255614828234229, 1.691711121175672, -8.619670950752234, 2.4167301731081015, 1.4500381038648626, 1.2083650865540516, -7.008517502013497, 0.4027883621846815, 0.7250190519324295, 0.8055767243693683, -3.9473259494098993, 0.0, 0.24167301731080926, -0.08055767243693879]
[1.4500381038648626, 0.8055767243693666, -0.6444613794954925, -0.5639037070585573, 5.558479398148636, 3.2223068974774716, 2.255614828234229, 1.691711121175672, -8.619670950752234, 2.4167301731081015, 1.4500381038648626, 1.2083650865540516, -7.008517502013497, 0.4027883621846815, 0.7250190519324295, 0.8055767243693683, -3.9473259494098993, 0.0, 0.24167301731080926, -0.08055767243693879]
[1.4500381038648626, 0.8055767243693666, -0.6444613794954925, -0.5639037070585573, 5.558479398148636, 3.2223068974774716, 2.255614828234229, 1.691711121175672, -8.619670950752234, 2.4167301731081015, 1.4500381038648626, 1.2083650865540516, -7.008517502013497, 0.4027883621846815, 0.7250190519324295, 0.8055767243693683, -3.9473259494098993, 0.0, 0.24167301731080926, -0.08055767243693879]
[2.893280950818024, -1.021157982641654, -4.595210921887457, -4.935596916101346, 3.7442459363527405, -5.105789913208284, -3.2336669450319135, -3.063473947924969, 7.488491872705488, -6.2971408929568895, -4.59521092188746, -4.2548249276735675, 13.445246771448485, -3.914438933459685, 1.1913509797485986, 1.021157982641654, 1.7019299710694327, -0.1701929971069447, 3.4038599421388582, 2.7230879537110866]
[0.9549310163161966, 1.0231403746244965, -0.4092561498497993, -0.4774655081580974, 3.478677273723287, 2.3191181824821907, 1.432396524474294, 1.0913497329327964, -6.0024235311303755, 1.9780713909406913, 1.1595590912410962, 1.0913497329327946, -5.8660048145137775, 1.0913497329327964, 0.8185122996995968, 0.6820935830829971, -4.297189573422884, 0.0, -0.27283743323319776, -0.4092561498497975]
[1.314320417480367, -0.2816400894600797, -2.3470007455006545, -2.628640834960734, 1.5020804771204226, -2.53476080514071, -1.7837205665804952, -1.6898405367604727, 4.1307213120811515, -2.9102809244208103, -2.2531207156806268, -2.0653606560405766, 6.477722057581806, -2.9102809244208103, -1.7837205665804987, -1.7837205665804987, 6.477722057581808, 0.09388002982002419, 1.6898405367604745, 1.2204403876603358]
[1.0076134462251272, 1.0076134462251272, -0.11854275837942652, -0.2370855167588548, 2.5486693051576736, 2.0152268924502525, 1.1261562046045546, 0.8890706878456998, -4.9195244727462075, 2.0152268924502543, 1.1261562046045537, 1.0076134462251263, -5.334424127074199, 0.9483420670354121, 0.7112565502765591, 0.4148996543279946, -3.4970113721930876, 0.17781413756913977, -0.23708551675885303, -0.47417103351770606]
[1.0450336099626014, 0.06531460062266348, -1.6328650155665656, -1.763494216811889, 0.8490898080946145, -1.3716066130759152, -0.9144044087172762, -0.9144044087172762, 1.763494216811889, -2.220696421170528, -1.5022358143212404, -1.2409774118305883, 4.3760782417183925, -2.351325622415853, -1.763494216811889, -1.2409774118305883, 5.421111851680994, -0.5225168049813007, 0.8490898080946145, 0.9797190093399379]
[1.0450336099626014, 0.06531460062266348, -1.6328650155665656, -1.763494216811889, 0.8490898080946145, -1.3716066130759152, -0.9144044087172762, -0.9144044087172762, 1.763494216811889, -2.220696421170528, -1.5022358143212404, -1.2409774118305883, 4.3760782417183925, -2.351325622415853, -1.763494216811889, -1.2409774118305883, 5.421111851680994, -0.5225168049813007, 0.8490898080946145, 0.9797190093399379]
[0.3729987272928099, -1.1189961818784298, -1.811708103993647, -1.5452804416416406, 1.491994909171238, -1.4919949091712361, -0.9591395844672252, -0.7992829870560225, 2.3445634286976613, -1.9715647014048514, -1.2788527792896325, -0.9591395844672252, 3.8898438703393, -2.0248502338752523, -1.2255672468192316, -1.0657106494080288, 4.369413662572914, -0.10657106494080182, 1.0657106494080288, 0.9591395844672235]
[1.4473409844221106, 1.7488703561767185, -0.06030587435092016, -0.42214112045645, 2.5931525970896168, 2.231317350984088, 1.3870351100711895, 1.2061174870184272, -5.909975686390289, 2.110705602282245, 1.3870351100711913, 1.3870351100711895, -6.271810932495816, 1.6282586074748746, 1.4473409844221123, 1.2664233613693483, -5.909975686390288, 0.9045881152638184, -0.3618352461055281, -0.5427528691582904]
[1.018754014011364, -0.7409120101900797, -2.4079640331177714, -2.407964033117768, 1.7596660242014472, -1.944894026748969, -1.2965960178326412, -1.2039820165588857, 2.7784200382128077, -3.0562620420340885, -1.944894026748969, -1.4818240203801665, 5.8346820802469, -3.519332048402891, -2.222736030570248, -1.8522800254752063, 7.77957610699587, -0.46307000636880247, 1.481824020380163, 1.3892100191064074]
[-0.2323614633115909, -0.6970843899347798, -0.2323614633115909, 0.0, -1.7814378853888773, -1.4716226009734203, -0.8519920321425065, -0.9294458532463707, 3.098152844154569, -2.5559760964275196, -1.5490764220772846, -1.316714958765692, 5.654128940582089, -1.9363455275966057, -1.316714958765692, -0.9294458532463707, 5.034498371751175, -0.7745382110386423, -0.38726910551932114, -0.07745382110386423]
[5.2345425709070525, 0.2908079206059426, -6.979390094542737, -6.97939009454273, 6.106966332724902, -3.1988871266654257, -2.908079206059476, -2.035655444241634, 2.035655444241634, -6.979390094542737, -4.943734650301103, -3.4896950472713755, 12.504740586055739, -8.433429697572471, -5.816158412118945, -4.65292672969516, 18.320898998174677, 0.8724237618178492, 4.652926729695153, 4.362118809089218]
[3.4136428753469445, 4.632801045113702, 0.73149490186006, -0.24383163395334861, 9.02177045627407, 9.021770456274062, 5.608127580927118, 4.632801045113709, -21.94484705580178, 8.777938822320714, 5.851959214880473, 4.632801045113709, -23.895500127428605, 5.12046431302042, 4.388969411160353, 2.92597960744024, -18.04354091254813, 1.7068214376734687, -1.2191581697667644, -1.7068214376734687]
[0.40096605032687194, -1.2830913610459795, -3.3681148227456923, -2.4057963019612068, 2.8869555623534495, -1.6038642013074735, -0.962318520784482, -1.04251173084986, 1.6038642013074735, -2.7265691422227043, -1.6840574113728444, -1.6038642013074735, 5.132365444183911, -3.127535192549569, -1.9246370415689675, -1.9246370415689658, 7.137195695818251, -2.325603091895836, 1.4434777811767265, 1.6840574113728461]
[3.045292149054621, 3.1468018873564425, 0.2030194766036395, -1.0150973830182046, 4.56793822358193, 4.466428485280108, 2.6392531958473384, 2.1317045043382343, -10.658522521691172, 3.857370055469186, 2.233214242640056, 2.030194766036413, -10.150973830182068, 2.030194766036413, 1.5226460745273087, 1.5226460745273123, -7.816249849240194, 1.9286850277345913, 0.10150973830182153, -0.30452921490546103]
[0.4301423668048798, -1.4624840471365985, -3.613195881161012, -2.5808542008292967, 3.1830535143561285, -1.6345409938585505, -0.8602847336097668, -1.1183701536926947, 1.5485125204975745, -2.838939620912221, -1.806597940580506, -1.8065979405805077, 5.41979382174152, -3.269081987717108, -2.0646833606634356, -2.1507118340244116, 7.570505655765931, -2.2367403073853893, 1.462484047136602, 1.72056946721953]
[3.663979673238167, 3.3308906120346933, 0.1110296870678269, -1.2213265577460604, 5.3294249792555135, 4.996335918052047, 2.77574217669558, 2.3316234284242867, -11.658117142121434, 4.108098421509457, 2.44265311549211, 2.3316234284242885, -11.213998393850146, 2.2205937413564634, 1.7764749930851735, 1.77647499308517, -8.993404652493677, 2.3316234284242867, 0.0, -0.5551484353391203]
[0.42970982996600426, -1.5469553878776203, -3.781446503700842, -2.578258979796029, 3.437678639728041, -1.5469553878776203, -1.0313035919184088, -1.2031875239048162, 1.8047812858572208, -2.9220268437688333, -1.8047812858572208, -1.804781285857219, 5.500285823564861, -3.4376786397280377, -2.0626071838368247, -2.148549149830025, 7.734776939388091, -2.3204330818164287, 1.5469553878776168, 1.7188393198640242]
[3.1830672225742838, 2.728343333635099, -0.09094477778783272, -0.9094477778783698, 4.18345977824049, 3.9106254448769775, 2.3645642224837538, 2.000785111332405, -9.640146445510688, 3.3649567781499563, 1.9098403335445724, 1.8188955557567326, -9.00353300099583, 1.8188955557567326, 1.3641716668175476, 1.4551164446053875, -7.275582223026934, 1.9098403335445688, 0.0, -0.3637791111513451]
[-0.03718278281539078, 0.8552040047539702, 1.561676878246379, 1.1154834844617003, -1.3385801813540397, 0.8180212219385794, 0.5577417422308493, 0.5577417422308493, -1.1526662672770884, 1.3757629641694287, 0.8923867875693601, 0.8180212219385794, -2.751525928338859, 1.5988596610617698, 0.966752353200139, 1.0039351360155297, -3.6439127159082183, 1.0411179188309205, -0.6692900906770207, -0.7436556563077996]
[-0.3469158516187263, -0.2856954072154214, 0.061220444403304874, 0.13264429620715967, -0.5305771848286396, -0.4081362960220303, -0.23467837021266735, -0.20406814801101536, 1.0407475548561775, -0.34691585161872585, -0.19386474061046455, -0.1632545184088121, 0.9183066660495682, -0.1530511110082613, -0.11223748140605805, -0.1224408888066093, 0.6836282958369009, -0.17345792580936248, -0.010203407400551257, 0.020406814801101625]
[0.23818610331031564, -1.1909305165515711, -2.6200471364134543, -1.726849248999775, 2.3818610331031405, -1.1909305165515693, -0.7145583099309434, -0.7741048357585196, 1.3100235682067272, -2.1436749297928266, -1.2504770423791491, -1.2504770423791474, 3.9896172304477577, -2.5009540847582947, -1.488663145689463, -1.4291166198618832, 5.478280376137221, -1.607756197344619, 1.0122909390688335, 1.1909305165515711]
[2.2584912909910457, 2.00037800059207, -0.19358496779923406, -0.7098115485971856, 2.9683028395882314, 2.7747178717889973, 1.6132080649936045, 1.4196230971943704, -6.904530518172624, 2.3875479361905345, 1.355094774594626, 1.1615098067953955, -6.323775614774926, 1.2905664519948825, 0.9033965163964179, 0.9679248389961632, -4.968680840180301, 1.226038129395139, 0.1935849677992323, -0.2581132903989758]
[1.0241764340448825, -2.3409747063882946, -6.437680442567796, -4.535638493627317, 6.291369523418538, -2.3409747063882946, -1.4631091914926841, -1.609420110641949, 1.7557310297912139, -4.389327574478038, -2.9262183829853647, -2.7799074638360963, 8.339722391508285, -5.7061258468214575, -3.36515114043317, -3.218840221283898, 11.997495370239989, -3.657772978731707, 2.7799074638360963, 3.072529302134633]
[5.923556372964249, 5.585067437366291, 0.3384889355979581, -2.0309336135877487, 7.61600105095404, 7.616001050954033, 4.400356162773438, 3.723378291577527, -18.447646990088657, 6.769778711959141, 4.061867227175483, 3.384889355979567, -17.601424651093765, 3.8926227593765077, 2.707911484783658, 2.8771559525826333, -14.55502423071215, 4.061867227175483, 0.0, -1.0154668067938672]
[1.163678253944532, -2.659836009016061, -7.148309274230662, -5.153432267468617, 7.148309274230662, -2.659836009016061, -1.3299180045080305, -1.6623975056350346, 1.4961577550715361, -4.987192516905118, -3.1585552607065637, -3.1585552607065743, 9.30942603155621, -6.3171105214131416, -3.9897540135240916, -3.6572745123970805, 13.465419795643804, -3.9897540135240916, 2.8260757595795596, 3.3247950112700764]
[5.845689221096016, 5.668547123487052, 0.5314262928269073, -1.948563073698672, 7.7942522947946955, 8.148536490012638, 4.782836635442198, 3.8971261473973478, -19.30848863937777, 7.43996809957676, 4.251410342615287, 3.7199840497883763, -19.131346541768796, 4.428552440224259, 3.1885577569614654, 3.365699854570437, -16.119930882416305, 4.251410342615287, 0.35428419521794297, -0.7085683904358788]
[0.55389108800955, -2.1047861344362815, -4.87424157448401, -3.4341247456591937, 4.763463356882102, -1.99400791683437, -1.107782176019093, -1.3293386112229086, 1.7724514816305472, -3.544902963261098, -2.2155643520381894, -2.3263425696400954, 6.8682494913183785, -4.431128704076372, -2.6586772224458244, -2.5478990048439165, 9.416148496162297, -2.769455440047736, 1.8832296992324586, 2.3263425696400972]
[4.287231547058152, 3.7972622273943664, -0.12249232991594994, -1.3474156290754173, 5.634647176133569, 5.26717018638573, 3.0623082478986774, 2.8173235880667846, -12.984186971090402, 4.532216206890048, 2.8173235880667846, 2.3273542684029973, -12.371725321510665, 2.572338928234892, 1.8373849487392064, 2.0823696085711028, -10.166863383023617, 2.5723389282348883, 0.3674769897478427, -0.36747698974783916]
[0.5060356097647585, -1.7711246341766582, -3.7109278049415764, -2.783195853706184, 3.795267073235701, -1.6867853658825318, -0.9277319512353941, -1.096410487823647, 1.602446097588409, -2.7831958537061823, -1.8554639024707882, -1.85546390247079, 5.482052439118236, -3.373570731765067, -2.1084817073531674, -2.024142439059043, 7.421855609883151, -2.192820975647294, 1.4337675610001543, 1.5181068292942808]
[3.944859489304797, 3.1985347210579462, -0.10661782403526843, -1.279413888423175, 5.11765555369271, 4.797802081586918, 2.7720634249168867, 2.4522099528110903, -11.727960643879133, 4.051477313340065, 2.4522099528110903, 2.1323564807052957, -10.981635875632275, 2.2389743047405624, 1.4926495364937047, 1.705885184564238, -8.636043746856451, 2.3455921287758237, 0.10661782403526843, -0.4264712961410595]
[0.29120979295129246, -1.6501888267239941, -4.076937101318112, -2.8150279985291746, 3.8827972393505874, -1.7472587577077654, -1.0677692408214092, -1.0677692408214092, 1.6501888267239977, -3.009167860496703, -2.0384685506590543, -1.6501888267239977, 5.630055997058346, -3.6886573773830555, -2.1355384816428202, -2.1355384816428202, 8.05680427165246, -2.8150279985291746, 1.4560489647564694, 1.844328688691526]
[4.354790948717451, 3.3594101604391753, 0.12442259853478532, -1.1198033868130608, 5.2257491384609445, 5.35017173699573, 3.110564963369608, 2.3640293721609034, -12.69110505054801, 4.603636145787025, 2.6128745692304705, 2.23960677362612, -12.068992057874086, 2.7372971677652593, 1.8663389780217656, 1.9907615765565474, -10.202653079852318, 3.1105649633696117, 0.12442259853478532, -0.7465355912087084]
[1.3796921498961616, -1.4946664957208426, -5.2888199079352916, -3.9091277580391335, 4.943896870461256, -2.874358645617008, -2.069538224844244, -1.9545638790195667, 3.7941534122144525, -3.9091277580391335, -2.874358645617008, -2.4144612623182873, 7.703281170253582, -4.5989738329872125, -2.874358645617008, -2.4144612623182855, 9.312922011799104, -3.10430733726637, 1.1497434582468067, 1.6096408415455201]
[3.7520538628496496, 4.154059633869263, 0.26800384734640303, -0.40200577101960633, 6.8340981073333005, 5.762082717947681, 3.48405001550325, 3.0820442444836456, -14.070201985686206, 5.6280807942744815, 2.8140403971372425, 2.4120346261176344, -13.534194290993396, 3.350048091830047, 1.7420250077516286, 2.010028855098028, -10.98815774120256, 2.4120346261176344, -0.9380134657124124, -0.9380134657124124]
[1.2691308078178594, -1.3748917084693488, -4.865001429968462, -3.701631522802092, 4.547718728013997, -2.5382616156357187, -1.7979353110752996, -1.903696211726789, 3.4901097214991097, -3.595870622150599, -2.5382616156357223, -2.4325007149842293, 7.085980343649716, -4.124675125408043, -2.644022516287208, -2.326739814332745, 8.566632952770552, -2.7497834169386906, 1.0576090065148804, 1.3748917084693488]
[3.5318510121051325, 3.910263620544967, 0.25227507229322654, -0.37841260843983804, 6.433014343477204, 5.423914054304314, 3.2795759398119078, 2.648888259078852, -12.992166223101027, 5.171638982011089, 2.6488882590788485, 2.270475650639014, -12.7398911508078, 3.2795759398119095, 1.639787969905953, 1.765925506052568, -10.217140427875563, 2.270475650639014, -0.882962753026284, -1.0091002891728955]
[1.3337769686852354, -1.2311787403248289, -4.616920276218103, -3.4883397642536806, 4.2065273627764945, -2.564955709010057, -1.8467681104872433, -1.8467681104872398, 3.59093799261408, -3.5909379926140836, -2.462357480649654, -2.3597592522892548, 7.079277756867761, -4.2065273627764945, -2.462357480649656, -2.25716102392885, 8.515652953913392, -2.975348622451669, 1.1285805119644294, 1.4363751970456313]
[3.373153381984249, 3.7345626729111316, 0.12046976364229423, -0.36140929092688623, 6.143957945757023, 5.059730072976368, 3.1322138546996587, 2.7708045637727743, -12.52885541879863, 4.81879054569178, 2.65033480013048, 2.2889255092035956, -12.046976364229453, 2.891274327415065, 1.6865766909921263, 1.9275162182767147, -9.998990382310446, 2.1684557455612996, -0.8432883454960596, -0.8432883454960631]
[1.4339342369805799, -1.3315103629105387, -4.711498207221911, -3.482411718381414, 4.1993788368717055, -2.3557491036109575, -1.843629733260748, -1.843629733260748, 3.482411718381414, -3.584835592451455, -2.56059685175104, -2.355749103610954, 7.067247310832865, -4.096954962801661, -2.56059685175104, -2.1509013554708716, 8.296333799673366, -2.765444599891122, 1.0242387407004152, 1.4339342369805834]
[2.990500656764553, 3.6550563582677817, 0.11075928358387088, -0.4430371343354871, 5.6487234627774825, 4.762649194106505, 2.768982089596806, 2.436704238845188, -11.408206209138838, 4.430371343354889, 2.325944955261317, 1.9936671045097007, -10.854409791219478, 2.879741373180675, 1.3291114030064684, 1.7721485373419554, -9.193020537461393, 1.9936671045097007, -0.7753149850871068, -0.8860742686709742]
[1.4517076685558337, -1.4517076685558337, -5.248481570932626, -3.7967739023767955, 4.801802288300063, -2.568405875137241, -2.010056771846539, -1.898386951188396, 3.5734342610605125, -3.6851040817186558, -2.9034153371116638, -2.4567360544791033, 7.593547804753586, -4.466792826325637, -2.6800756957953844, -2.4567360544791015, 9.045255473309421, -2.9034153371116673, 1.116698206581411, 1.563377489213977]
[3.2380080099791897, 3.7005805828333607, 0.11564314321353919, -0.3469294296406247, 5.7821571606771265, 4.857012014968788, 2.8910785803385632, 2.6597922939114778, -11.911243750994885, 4.625725728541706, 2.4285060074843923, 1.965933434630223, -11.217384891713627, 2.8910785803385615, 1.5033608617760557, 1.7346471482031376, -9.482737743510487, 1.965933434630223, -0.8095020024947992, -0.9251451457083384]
[1.3160958165737036, -1.2148576768372656, -4.6569544278761725, -3.543334890775352, 4.353240008666862, -2.5309534934109656, -1.8222865152558967, -1.8222865152558931, 3.5433348907753484, -3.4420967510389104, -2.4297153536745277, -2.2272390742016484, 6.681717222604949, -3.8470493099846657, -2.5309534934109674, -2.2272390742016484, 8.200289318651526, -2.7334297728838415, 1.1136195371008242, 1.417333956310138]
[3.261004208839367, 3.6103975169292966, 0.23292887205995072, -0.23292887205995072, 5.706757365468885, 4.891506313259047, 2.91161090074943, 2.6786820286894777, -11.879372475057684, 4.542113005169117, 2.4457531566295216, 2.0963598485395902, -11.52997916696775, 2.9116109007494337, 1.514037668389701, 1.7469665404496624, -9.43361931842816, 1.9798954125096166, -0.6987866161798664, -0.6987866161798628]
[1.2202239465818963, -1.423594604345542, -4.575839799682107, -3.4573011819820394, 4.169098484154812, -2.4404478931637925, -1.8303359198728408, -1.626965262109195, 3.355615853100211, -3.4573011819820323, -2.542133222045617, -2.2370772354001396, 6.812917035082247, -3.8640424975093346, -2.4404478931637907, -2.2370772354001396, 8.134826310545966, -2.6438185509274383, 1.0168532888182469, 1.423594604345542]
[3.417485226551211, 3.905697401772816, 0.12205304380540127, -0.24410608761080255, 5.980599146464627, 5.1262278398268215, 3.0513260951350123, 2.685166963718812, -12.449410468150852, 4.760068708410618, 2.5631139199134125, 2.1969547884972087, -11.839145249123849, 3.051326095135014, 1.586689569470206, 1.9528487008864062, -10.130402635848242, 2.074901744691811, -0.7323182628324041, -0.9764243504432066]
[1.3426751651801219, -1.3426751651801219, -4.647721725623491, -3.511611970471087, 4.131308200554216, -2.4787849203325294, -1.7558059852355399, -1.9623713952632542, 3.6148946754849405, -3.511611970471087, -2.582067625346383, -2.2722195103048204, 7.023223940942172, -4.131308200554223, -2.4787849203325276, -2.2722195103048204, 8.365899106122288, -2.68535033036024, 1.136109755152411, 1.3426751651801219]
[3.212275700370739, 3.9006204933073256, 0.0, -0.45889652862439334, 5.85093073996099, 4.70368941840001, 2.9828274360585425, 2.4092067752780544, -11.587137347765879, 4.474241154087814, 2.294482643121956, 2.065034378809761, -11.128240819141487, 2.868103303902444, 1.4914137180292713, 1.720861982341468, -9.292654704643923, 1.9503102466536646, -0.8030689250926883, -0.8030689250926812]
[1.3568561737019031, -1.2599378755803379, -4.361323415470395, -3.1983038380116255, 3.77981362674101, -2.326039154917545, -1.6476110680665954, -1.8414476643097224, 3.3921404342547525, -3.2952221361331873, -2.326039154917547, -2.22912085679598, 6.59044427226638, -3.7798136267410136, -2.326039154917545, -2.2291208567959817, 7.9473004459682794, -2.6167940492822375, 0.9691829812156456, 1.2599378755803343]
[3.036608557584586, 3.1413191975012964, 0.10471063991671059, -0.20942127983342118, 5.130821355918783, 4.397846876501813, 2.7224766378344576, 2.094212798334196, -10.575774631587697, 4.083714956751686, 2.303634078167617, 1.8847915185007764, -10.366353351754274, 2.722476637834454, 1.25652767900052, 1.675370238667357, -8.4815618332535, 1.7800808785840694, -0.7329744794169706, -0.732974479416967]
[1.2315325370715229, -1.3341602484941504, -4.515619302595585, -3.489342188369317, 4.207736168327706, -2.5656927855656733, -1.7446710941846604, -1.8472988056072808, 3.4893421883693136, -3.4893421883693136, -2.4630650741430493, -2.2578096512977908, 6.773428953893376, -4.002480745482448, -2.4630650741430493, -2.2578096512977908, 8.210216913810154, -2.6683204969883008, 1.128904825648899, 1.3341602484941504]
[3.1226208233806148, 3.7008839388214696, 0.11565262308817381, -0.34695786926451433, 5.7826311544085485, 4.973062792791346, 2.775662954116104, 2.54435770793976, -11.796567554993434, 4.510452300438665, 2.4287050848515896, 1.966094592498905, -11.102651816464409, 2.8913155772042742, 1.3878314770580538, 1.734789346322561, -9.367862470141844, 2.0817472155870753, -0.9252209847053692, -0.9252209847053656]
