[0.955659222685032, 2.6758458235180953, 2.9625435903236017, 2.4847139789810875, -4.013768735277139, 3.7270709684716277, 2.0068843676385697, 1.4334888340275498, -6.498482714258225, 2.2935821344440797, -2.1980162121755775, -1.4334888340275498, 1.8157525231015654, 1.4334888340275498, -2.2935821344440797, -0.9556592226850356, 1.9113184453700676, 0.955659222685032, -1.7201866008330597, -1.0512251449535341]
[-1.837038055724289, -1.7145688520093358, -0.24493840742990258, -7.105427357601002e-15, -4.898768148598098, -1.4696304445794333, 0.6123460185747653, 1.2246920371495236, 2.2044456668691446, 1.3471612408644802, 2.0819764631541915, 0.8572844260046715, -1.959507259439242, 1.5920996482943828, 1.102222833434574, -0.12246920371494951, -0.6123460185747653, 1.4696304445794297, 0.6123460185747618, -0.7348152222897149]
[-0.1636867108202722, 3.2737342164055008, 5.074288035428538, 4.583227902967707, -5.0742880354285305, 6.711155143631288, 2.946360794764953, 1.3094936865622024, -9.493829227575969, 2.618987373124405, -4.255854481327155, -2.6189873731244013, 5.237974746248803, 1.1458069757419302, -4.092167770506883, -1.636867108202754, 5.23797474624881, 0.16368671082027575, -3.110047505585232, -1.473180397382471]
[-2.608231923511468, -2.4075986986259608, 0.20063322488549318, 0.6018996746564937, -8.627228670076377, -2.407598698625968, 2.2069654737404676, 3.0094983732824616, 1.2037993493129804, -0.8025328995419869, 2.608231923511461, 2.0063322488549744, 0.20063322488549318, 1.8056990239694812, 2.0063322488549673, 0.0, -0.20063322488550028, 1.8056990239694812, 0.8025328995419869, -1.2037993493129875]
[0.47374639659742, 4.263717569376794, 4.895379431506683, 4.421633034909263, -6.31661862129895, 6.79036501789637, 3.474140241714423, 2.526647448519576, -11.527828983870577, 4.579548500441739, -1.8949855863896872, -0.94749279319484, -0.7895773276623679, 2.3687319829871036, -4.421633034909263, -1.5791546553247358, 4.263717569376787, 1.2633237242597914, -3.474140241714423, -1.7370701208572115]
[-2.084741358988069, -1.5635560192410551, 0.2605926698735104, 0.0, -11.726670144307889, -3.127112038482096, 2.345334028861572, 3.127112038482103, 2.0847413589880617, -4.169482717976123, 1.563556019241048, 1.3029633493675448, 6.254224076964199, 2.6059266987350824, 2.866519368608593, 0.26059266987350327, -1.3029633493675306, 2.345334028861572, 1.563556019241048, -1.0423706794940415]
[0.0, 8.35026191160405, 12.06148942787253, 11.597585988338963, -10.20587566973829, 20.41175133947658, 8.35026191160405, 3.2473240767349125, -27.834206372013526, 6.030744713936272, -11.597585988338963, -4.175130955802032, 11.597585988338963, 1.8556137581342398, -10.20587566973829, -2.3195171976677926, 12.061489427872516, -0.9278068790671057, -9.27806879067117, -3.7112275162684796]
[4.405093671692313, 3.0496802342485267, 4.066240312331374, 1.3554134374438007, -23.04202843654444, -2.3719735155266264, 6.438213827858, 6.0993604684970535, -6.777067187218947, 9.826747421467473, 5.42165374977516, -0.6777067187219075, -11.18216085891126, 9.826747421467488, 3.0496802342485267, -2.3719735155266335, -7.1159205465799005, 8.132480624662747, 1.694266796804726, -3.0496802342485125]
[-1.3974472965000757, 7.336598306625362, 8.384683779000426, 8.734045603125438, -5.240427361875263, 15.721282085625788, 6.987236482500357, 3.144256417125156, -22.708518568126145, 2.4455327688751254, -9.782131075500494, -7.336598306625376, 16.07064390975082, -0.698723648250045, -9.782131075500487, -4.891065537750237, 15.02255843737575, -2.7948945930001443, -7.685960130750381, -4.192341889500213]
[-1.7255993120341913, -2.0707191744410096, 2.4158390368478564, 2.070719174441024, -17.601112982748674, -2.760958899254689, 4.831678073695713, 5.521917798509378, -1.035359587220512, 0.6902397248136793, 3.796318486475201, 2.4158390368478564, -0.6902397248136651, 5.176797936102531, 2.070719174441024, -1.035359587220512, -0.6902397248136651, 3.796318486475201, 1.3804794496273587, -1.7255993120341913]
[1.3753078278471023, 5.730449282696256, 6.647321167927672, 5.730449282696256, -6.876539139235511, 8.939500881006168, 4.8135773974648615, 2.5213976843863506, -14.669950163702431, 6.188885225311964, -2.2921797130784967, -2.292179713078511, -1.1460898565392483, 3.2090515983099053, -5.042795368772708, -3.2090515983099124, 4.5843594261570075, 2.292179713078511, -3.89670551223346, -2.7506156556942045]
[-2.0352999285289712, -2.035299928528964, -0.2907571326469949, -0.5815142652939898, -10.176499642644842, -3.4890855917639456, 2.616814193822961, 3.7798427244109405, 2.035299928528964, -4.652114122351925, 2.035299928528964, 2.326057061175973, 4.94287125499892, 2.035299928528964, 2.616814193822961, -7.105427357601002e-15, -0.5815142652939898, 2.326057061175973, 1.4537856632349673, -0.8722713979409775]
[-0.5608263227158119, 5.32785006580022, 7.290742195305548, 7.010329033947649, -7.010329033947649, 12.057765938389956, 4.486610581726495, 2.2433052908632476, -16.54437652011645, 3.6453710976527773, -7.010329033947649, -4.206197420368589, 9.253634324810896, 0.8412394840737178, -7.290742195305555, -2.5237184522211464, 9.814460647526701, -0.5608263227158119, -6.169089549873931, -2.5237184522211535]
[-2.9063612848490052, -2.6157251563640855, 0.8719083854546881, 0.5812722569698039, -9.300356111516784, -3.487633541818788, 4.068905798788585, 4.359541927273497, 0.5812722569697968, 2.3250890278792014, 4.359541927273483, 1.1625445139395936, -2.906361284848984, 3.1969974133338894, 2.034452899394296, -0.5812722569697968, -0.2906361284849055, 3.1969974133338894, 0.8719083854547023, -1.4531806424244849]
[0.22022242735422282, 2.5325579145736086, 3.193225196636284, 2.86289155560495, -3.1932251966362877, 3.9640036923760817, 2.2022242735422637, 1.4314457778024767, -6.826895247981032, 1.8718906325109295, -2.64266912825072, -1.5415569914795881, 2.7527803419278314, 0.9910009230940204, -2.862891555604943, -0.880889709416909, 2.752780341927835, 0.5505560683855641, -2.2022242735422637, -0.9910009230940204]
[-2.803297414402465, -2.803297414402465, -1.0512365304009208, -0.7008243536006162, -4.204946121603697, -2.803297414402465, 1.0512365304009244, 1.9272669724016929, 2.978503502802617, -1.2264426188010766, 1.5768547956013883, 1.2264426188010802, 1.5768547956013848, 1.4016487072012325, 1.4016487072012325, -0.17520608840015228, 0.35041217680030456, 1.051236530400928, 0.525618265200464, -0.7008243536006233]
[-2.2278475408307656, 8.020251146990717, 10.248098687821454, 11.584807212319902, -7.129112130658399, 19.60505835931061, 7.129112130658406, 3.5645560653291994, -27.17973999813516, 9.802529179655295, -4.455695081661503, -4.455695081661503, 0.8911390163323034, 1.336708524498448, -11.139237704153757, -5.792403606159951, 16.931641310313708, -3.1189865571630406, -9.80252917965531, -4.455695081661517]
[-3.392964748627861, -1.1309882495426393, 6.220435372484417, 4.523952998170472, -25.447235614708944, 0.0, 9.047905996340972, 9.047905996340944, -7.351423622027028, 4.5239529981705005, 5.0894471229417775, 0.5654941247713055, -0.5654941247713055, 6.220435372484417, 1.6964823743139164, -2.8274706238565273, 3.3929647486278327, 5.089447122941806, -0.5654941247713055, -2.8274706238565557]
[1.4374874275692093, 7.4749346233599, 7.474934623359893, 7.474934623359893, -8.337427079901417, 10.924904449525997, 5.462452224762998, 2.8749748551384187, -18.39983907288589, 6.899939652332215, -5.174954739249159, -4.024964797193789, 2.8749748551384187, 2.8749748551384187, -6.32494468130453, -2.8749748551384187, 5.7499497102768515, 1.7249849130830484, -5.462452224762998, -2.8749748551384258]
[-3.1910092096803027, -2.481896051973578, 0.7091131577067529, 1.0636697365600867, -13.47314999642795, -2.481896051973578, 4.963792103947156, 5.672905261653867, -0.7091131577067387, 0.7091131577067387, 3.545565788533679, 1.7727828942668253, 0.3545565788533622, 3.545565788533679, 1.4182263154134773, -1.4182263154134773, 1.7727828942668395, 3.545565788533679, 0.0, -2.481896051973578]
[-0.054713682582923084, -0.8754189213267694, -1.5866967949047694, -1.1489873342413848, 1.367842064573077, -1.4225557471560002, -1.0942736516584617, -0.8207052387438463, 2.735684129146154, -1.313128381990154, 0.8207052387438463, 0.7112778735780001, -0.6018505084121539, -0.9848462864926155, 0.9848462864926155, 0.5471368258292308, -0.7112778735780001, -0.8754189213267694, 0.656564190995077, 0.5471368258292308]
[1.39312485100222, 1.3198024904231573, -0.07332236057906272, -0.43993416347438696, 3.2995062260578933, 1.5397695721603526, 0.0733223605790645, -0.36661180289532247, -2.4929602596881875, -0.4399341634743852, -1.0265130481068994, -3.552713678800501e-15, 0.36661180289532247, -0.5865788846325106, -0.8065459663697112, 0.146644721158129, 0.0, -0.3666118028953207, -0.43993416347438696, 0.293289442316258]
[-0.0660449544309607, -0.9906743164643892, -1.9813486329287837, -1.519033951912066, 1.7171688152049427, -1.7171688152049427, -1.3208990886191891, -1.05671927089535, 3.500382584840848, -1.7171688152049445, 1.05671927089535, 0.8585844076024731, -0.5944045898786339, -1.4529889974811088, 1.1227642253263106, 0.7925394531715124, -0.6604495443095928, -1.2548541341882302, 0.7264944987405553, 0.8585844076024713]
[1.2197976950029688, 1.0978179255026728, 0.0, -0.42692919325103773, 2.7445448137566757, 1.3417774645032665, 0.060989884750147993, -0.3659393085008915, -2.073656081505044, -0.3049494237507435, -0.8538583865020772, -0.12197976950029599, 0.36593930850088974, -0.36593930850088974, -0.7318786170017813, 0.12197976950029599, 1.7763568394002505e-15, -0.24395953900059553, -0.42692919325103773, 0.12197976950029599]
[-0.09017582133944302, -0.8115823920549925, -1.3075494094219309, -1.0370219454035992, 1.2624614987522085, -1.217373588082487, -0.9017582133944337, -0.7214065707155486, 2.3896592654952507, -1.1271977667430413, 0.6312307493761029, 0.6312307493761047, -0.4959670173669384, -0.9017582133944346, 0.7664944813852692, 0.5410549280366608, -0.49596701736693927, -0.8115823920549916, 0.49596701736693927, 0.49596701736693927]
[1.1991239144681316, 1.1360121294961267, 0.06311178497200842, -0.3155589248600368, 2.840030323740315, 1.26223569944014, 0.06311178497200665, -0.4417824948040483, -2.0195771191042233, -0.5048942797760567, -0.7573414196640833, -0.06311178497200842, 0.315558924860035, -0.5680060647480616, -0.63111784972007, 0.18933535491602171, 0.0, -0.37867070983204343, -0.4417824948040483, 0.18933535491601994]
[-0.19861502737373726, -1.0592801459932666, -1.9199452646127995, -1.4565102007407411, 1.7213302372390586, -1.7213302372390586, -1.3241001824915841, -1.0592801459932666, 3.5088654836026976, -1.6551252281144802, 0.9268701277441078, 0.7944601094949526, -0.5296400729966351, -1.3241001824915841, 1.0592801459932666, 0.7282551003703723, -0.5958450821212118, -1.1916901642424271, 0.7282551003703723, 0.6620500912457921]
[1.000245039865284, 0.947600564082899, 0.0, -0.2632223789119159, 2.263712458642482, 1.1581784672124318, 0.05264447578238318, -0.3158668546942991, -1.7372677008186486, -0.42115580625906723, -0.579089233606215, -0.10528895156476636, 0.21057790312953273, -0.36851133047668405, -0.5264447578238336, 0.15793342734715132, -0.10528895156476814, -0.21057790312953273, -0.2632223789119159, 0.15793342734714955]
[-0.17405519255664004, -0.9282943603020719, -1.7405519255663862, -1.276404745415352, 1.6245151305286285, -1.508478335490869, -1.2183863478964714, -0.9282943603020719, 3.074975068500617, -1.508478335490869, 0.8702759627831931, 0.8122575652643143, -0.5801839751887954, -1.2183863478964714, 0.9282943603020737, 0.8122575652643125, -0.6382023727076742, -1.102349552858712, 0.6962207702265548, 0.6962207702265548]
[1.0930995614495025, 0.983789605304553, 0.05465497807247566, -0.32792986843485217, 2.35016405711643, 1.2570644956669277, 0.0, -0.3279298684348486, -1.8036142763916807, -0.3279298684348504, -0.6558597368697008, -0.1639649342174252, 0.21861991228989908, -0.2732748903623765, -0.6012047587972233, 0.05465497807247388, 0.0, -0.2732748903623765, -0.27327489036237473, 0.1639649342174252]
[-0.10759533489170181, -0.8607626791336216, -1.5063346884838396, -1.1835486838087306, 1.3449416861462833, -1.4525370210379887, -1.075953348917027, -0.8069650116877707, 2.797478707184272, -1.344941686146285, 0.8069650116877725, 0.6993696767960671, -0.5917743419043653, -1.075953348917027, 0.9145603465794725, 0.645572009350218, -0.5379766744585144, -0.9683580140253252, 0.5379766744585126, 0.645572009350218]
[1.2069604471385293, 1.2069604471385293, 0.06352423405992269, -0.44466963841945883, 2.8585905326965175, 1.3975331493182992, 0.0, -0.31762117029961345, -2.0962997239774452, -0.38114540435953614, -0.9528635108988404, -0.06352423405992269, 0.31762117029961345, -0.38114540435953614, -0.7622908087190705, 0.1270484681198436, 1.7763568394002505e-15, -0.3176211702996117, -0.3811454043595379, 0.19057270217976807]
[-0.06054501066053497, -0.9081751599080263, -1.755805309155523, -1.3925352451923079, 1.5741702771739146, -1.5741702771739146, -1.210900213210703, -0.9081751599080281, 3.027250533026759, -1.5136252665133796, 0.8476301492474931, 0.7870851385869564, -0.5449050959448165, -1.150355202550168, 1.029265181229098, 0.7265401279264214, -0.7870851385869564, -0.9687201705685649, 0.5449050959448183, 0.6659951172658864]
[1.5565983122971083, 1.5565983122971048, -0.08192622696300589, -0.6554098157040436, 3.76860644029826, 1.88430322014913, 1.7763568394002505e-15, -0.49155736177803533, -2.703565489779187, -0.4915573617780318, -1.1469671774820824, -0.16385245392601178, 0.40963113481502944, -0.49155736177803533, -0.9011884965930577, 0.16385245392600822, -0.08192622696300234, -0.32770490785202355, -0.5734835887410412, 0.24577868088901766]
[-0.11795340352471051, -0.8846505264353084, -1.7693010528706203, -1.2974874387717854, 1.5333942458212029, -1.4744175440588503, -1.2385107370094328, -0.9436272281976645, 3.0667884916424075, -1.4744175440588485, 0.8846505264353084, 0.8846505264353102, -0.7077204211482471, -1.2385107370094346, 0.9436272281976628, 0.8256738246729576, -0.6487437193858945, -1.0615806317223715, 0.5897670176235401, 0.7077204211482471]
[1.4124083650112524, 1.341787946760693, 0.0, -0.4237225095033761, 3.1072984030247586, 1.483028783261819, -1.7763568394002505e-15, -0.3531020912528131, -2.4010942205191306, -0.49434292775394084, -0.9180654372573152, -0.21186125475168893, 0.49434292775394084, -0.49434292775393907, -0.847445019006754, 0.14124083650112595, 0.07062041825056298, -0.3531020912528149, -0.4237225095033743, 0.07062041825056298]
[-0.06063572638696968, -0.9095358958045345, -1.819071791609069, -1.3339859805133187, 1.515893159674226, -1.5158931596742242, -1.2733502541263508, -0.9095358958045345, 3.031786319348452, -1.455257433287258, 0.9095358958045345, 0.8489001694175684, -0.727628716643629, -1.1520788013524097, 1.0308073485784721, 0.788264443030597, -0.788264443030597, -1.0914430749654418, 0.788264443030597, 0.6669929902566576]
[1.1780697032140264, 1.1780697032140282, 1.7763568394002505e-15, -0.37202201154127224, 2.6661577493791135, 1.364080708984666, 0.06200366859021145, -0.3100183429510608, -2.108124732067207, -0.37202201154127224, -0.9300550288531788, -0.12400733718042645, 0.43402568013148546, -0.4960293487216969, -0.6820403544923312, 0.12400733718042467, 0.06200366859021145, -0.310018342951059, -0.43402568013148546, 0.1240073371804229]
[-0.07778160719049865, -1.1667241078574833, -2.2556666085244697, -1.633413751000477, 1.9445401797624733, -2.022321786952972, -1.5556321438099783, -1.244505715047982, 3.9668619667154434, -1.788976965381476, 1.011160893476486, 1.0889425006669864, -0.8555976790954904, -1.5556321438099765, 1.400068929428981, 0.9333792862859855, -1.011160893476486, -1.3222873222384806, 0.8555976790954887, 0.9333792862859855]
[1.679988689817403, 1.5119898208356624, 0.08399943449087033, -0.6719954759269626, 3.695975117598289, 1.9319869932900122, 0.0839994344908721, -0.5039966069452202, -2.8559807726895876, -0.4199971724543481, -1.1759920828721846, -0.08399943449087033, 0.3359977379634813, -0.503996606945222, -1.0079932138904404, 0.08399943449086678, 3.552713678800501e-15, -0.41999717245435164, -0.5039966069452184, 0.25199830347260743]
[1.1799933841584078, -0.5899966920792039, -1.4328491093352085, -2.5285572517680066, -2.781412976944811, -3.539980152475213, 0.08428524172559904, 1.1799933841584043, 0.8428524172560046, 1.6857048345120056, 3.118553943847214, -0.08428524172560259, -5.309970228712821, 2.612842493493609, 2.612842493493609, -0.5057114503536013, -4.804258778359216, 2.86569821867041, 1.9385605596888063, -0.758567175530402]
[4.507825475417032, 5.432507624220527, 3.5831433266135413, -0.23117053720087455, -1.1558526860043656, 3.467558058013104, 3.005216983611355, 1.6181937604061147, -10.51825944263975, 4.623410744017473, -2.6584611778100466, -2.1961201034082976, -2.427290640609172, 4.045484401015287, -2.774046446410484, -1.8493642976069857, -2.3117053720087384, 3.3519727894126667, -1.8493642976069857, -1.6181937604061147]
[1.708450381533794, -0.6101608505477785, -1.9525147217529124, -3.416900763067588, -4.393158123944044, -5.125351144601385, 0.4881286804382299, 1.708450381533794, 0.7321930206573413, 2.9287720826293615, 4.149093783724929, 0.0, -7.932091057121188, 4.149093783724929, 3.416900763067588, -0.854225190766897, -6.833801526135179, 4.5151902940536, 2.440643402191135, -1.0982895309860083]
[5.282836556645265, 6.501952685101866, 4.063720428188667, 3.552713678800501e-15, -1.3545734760628925, 4.199177775794958, 3.5218910377635115, 1.6254881712754656, -11.920246589353425, 5.011921861432693, -2.9800616473383563, -2.438232256913203, -2.9800616473383563, 4.741007166220115, -3.3864336901572223, -2.167317561700628, -2.573689604519487, 3.5218910377635133, -2.1673175617006244, -1.6254881712754639]
[1.8154129390799767, -0.6483617639571335, -1.9450852918714006, -3.630825878159932, -4.668204700491344, -5.446238817239902, 0.3890170583742787, 2.0747576446628173, 0.5186894111657097, 3.1121364669942295, 4.4088599949084895, -0.12967235279142386, -8.29903057865128, 4.279187642117066, 3.890170583742787, -0.9077064695399848, -7.261651756319871, 4.668204700491348, 2.5934470558285234, -1.167051175122836]
[4.840306254720716, 6.279316222340384, 4.055391726928171, -0.13081908796542763, -1.3081908796542479, 4.186210814893592, 3.4012962871010455, 1.5698290555850978, -11.642898828922803, 4.840306254720716, -3.0088390232047715, -2.485562671343068, -2.485562671343068, 4.44784899082444, -3.2704771991356196, -2.093105407446796, -2.354743583377644, 3.5321153750664678, -2.093105407446796, -1.8314672315159477]
[1.567062513069807, -0.6715982198870591, -1.7909285863654922, -3.134125026139621, -4.029589319322369, -4.813120575857273, 0.44773214659137395, 1.678995549717655, 0.7835312565349035, 2.350593769604714, 4.029589319322369, 0.0, -7.163714345461987, 3.5818571727309916, 3.3579910994353064, -0.6715982198870591, -6.492116125574928, 4.1415223559702135, 2.350593769604714, -1.0073973298305923]
[4.665015830666249, 6.015415150069636, 3.8056708092277276, -0.368290723473649, -1.104872170420954, 3.8056708092277276, 3.1918529367716477, 1.4731628938946049, -10.925958129718321, 4.665015830666249, -2.700798638806777, -2.3325079153331245, -2.4552714898243444, 4.173961532701384, -2.9463257877892097, -1.964217191859472, -2.455271489824348, 3.3146165112628623, -1.964217191859472, -1.595926468385823]
[1.5692815277261012, -0.6725492261683286, -1.7934646031155452, -3.1385630554522095, -4.147386894704702, -4.707844583178314, 0.3362746130841643, 1.7934646031155488, 0.6725492261683321, 2.466013829283874, 4.035295357009986, 0.0, -7.285949950156912, 3.6990207439258143, 3.36274613084165, -0.6725492261683286, -6.389217648599136, 4.0352953570099785, 2.353922291589157, -0.8967323015577762]
[5.151645797613305, 6.778481312649095, 4.202658413842439, -0.27113925250596793, -1.4912658887827988, 4.338228040095419, 3.6603799088305102, 1.4912658887828023, -11.930127110262404, 5.151645797613309, -3.1181014038185815, -2.5758228988066563, -2.8469621513126206, 4.609367292601384, -3.253671030071562, -2.1691140200477115, -2.5758228988066563, 3.660379908830514, -2.304683646300692, -1.6268355150357827]
[1.7095288206697639, -0.5698429402232534, -1.8234974087144167, -3.3050890532948713, -4.102869169607427, -4.786680697875333, 0.45587435217860417, 1.8234974087144131, 0.5698429402232534, 2.507308936982316, 4.10286916960743, -0.11396858804465282, -7.407958222902302, 3.8749319935181283, 3.419057641339524, -0.7977801163125591, -6.610178106589743, 4.330806345696729, 2.2793717608930173, -1.0257172924018612]
[5.649581093069166, 7.061976366336449, 4.378425347128601, -0.42371858198018586, -1.553634800594022, 4.51966487445533, 3.6722277104949583, 1.5536348005940184, -12.570317932078886, 5.508341565742434, -3.530988183168226, -2.6835510192078544, -2.5423114918811223, 4.943383456435516, -3.5309881831682226, -2.401071964554397, -2.8247905465345795, 3.954706765148412, -2.2598324372276615, -1.6948743279207505]
[1.7095870461519524, -0.6105668021971269, -1.9538137670307947, -3.541287452743326, -4.396080975819302, -5.12876113845585, 0.48845344175769867, 1.9538137670308018, 0.48845344175769867, 2.808607290106778, 4.273967615379874, 0.0, -7.937368428562628, 4.151854254940453, 3.541287452743326, -0.6105668021971269, -7.204688265926073, 4.518194336258723, 2.4422672087885005, -0.9769068835153973]
[5.1597515173154065, 7.112089929272582, 4.183582311336817, -0.13945274371122807, -1.39452743711227, 4.323035055048038, 3.6257713364919084, 1.6734329245347244, -12.411294190299214, 5.2992042610266274, -3.2074131053582207, -2.3706966430908594, -3.067960361646996, 4.741393286181719, -3.486318592780677, -2.091791155668407, -2.7890548742245436, 3.904676823914361, -2.370696643090863, -1.8128856682459542]
[1.51440739550279, -0.5824643828856892, -1.980378901811342, -3.3782934207369912, -4.077250680199821, -4.892700816239785, 0.4659715063085521, 1.7473931486570677, 0.6989572594628228, 2.6793361612741684, 4.077250680199821, 0.11649287657713714, -7.68852985409109, 3.7277720504684098, 3.611279173891269, -0.6989572594628264, -6.75658684147399, 4.193743556776958, 2.446350408119894, -0.9319430126171042]
[5.362726782228677, 6.8752907464470105, 4.400186077726087, -0.27501162985787886, -1.5125639642183444, 4.40018607772609, 3.5751511881524465, 1.6500697791472838, -12.375523343604623, 5.36272678222867, -3.3001395582945676, -2.6126104836498634, -2.612610483649867, 4.675197707583969, -3.437645373223507, -2.3375988537919845, -2.4751046687209204, 3.8501628180103253, -2.337598853791988, -1.7875755940762232]
[1.520565536693958, -0.5430591202478467, -1.737789184793094, -3.0411310733879127, -4.018637489834031, -4.453084786032306, 0.32583547214870734, 1.520565536693958, 0.760282768346979, 2.4980719531400695, 3.9100256657844668, -0.10861182404956793, -7.059768563221947, 3.475578369586188, 3.36696654553662, -0.6516709442974111, -6.299485794874968, 4.018637489834035, 2.2808483050409336, -0.9775064164461149]
[4.645299596405984, 5.867746858618094, 3.6673417866363067, -3.552713678800501e-15, -1.3446919884333113, 3.789586512857518, 3.1783628817514646, 1.589181440875734, -10.879780633687712, 4.767544322627202, -2.811628703087834, -2.3226497982029954, -2.5671392506454147, 4.156320691521149, -2.9338734293090454, -2.078160345760576, -2.322649798202992, 3.5450970604150953, -1.9559156195393648, -1.4669367146545191]
[1.4778109295987818, -0.4547110552611606, -1.7051664572293639, -3.2966551506434385, -4.433432788796345, -4.660788316426924, 0.4547110552611642, 1.7051664572293603, 0.568388819076457, 2.6145885677516922, 4.0923994973504705, -0.11367776381528927, -7.389054647993909, 3.8650439697198884, 3.4103329144587278, -0.7957443467070355, -6.5933103012868735, 4.319755024981053, 2.38723304012111, -1.1367776381529069]
[5.459044463979964, 6.550853356775956, 4.09428334798497, 3.552713678800501e-15, -1.501237227594494, 4.367235571183972, 3.5483789015869753, 1.63771333919399, -12.28285004395492, 5.186092240780965, -3.0024744551889775, -2.5930461203904827, -2.8659983435894816, 4.7766639059824705, -3.4119027899874794, -2.1836177855919843, -2.5930461203904827, 3.8213311247859743, -2.183617785591988, -1.774189450793486]
