[-17.48509786237662, -8.777733001110334, -3.9443195781354348, -2.21202528523861, 35.62187154772795, 8.646786618646985, -8.167055626305228, -7.096227053607947, 23.20271018157854, 5.545667488568924, -12.222741792454386, -8.050794089679101, 28.51095964828278, 7.990215847059815, -14.192454107215909, -10.257924426305294, 28.03612360455344, 14.90960312142235, 6.5002345246400495, 5.18709298146571]
[-20.39616023650956, -10.419357415097835, -4.452420057805796, -3.8000627600816586, 37.75181128124163, 7.698142116499355, -8.238713306521447, -5.312285141006939, 22.775132456319014, 4.878910221564851, -11.817498769760078, -6.28852616903211, 26.787292838999704, 6.505213628753154, -14.096159474672476, -8.457695684803497, 28.415891164749, 14.2056506638135, 3.90266919353968, 3.359803084956596]
[-11.256269392845837, 0.30991720588562544, 2.2847651767073387, 1.5090620598981275, 26.130235332494166, 3.229844988397886, -7.785867351969273, -4.259613147529109, 21.92647434852873, 0.648670595648241, -13.075248658629576, -7.35567161984433, 31.129961418033815, 2.8419934299932663, -16.686191210510415, -10.494074265879917, 34.8255923173553, 21.242213574081802, 2.4964860453089983, -1.5446522386967985]
[-21.439952098454143, -10.8025113790857, -5.586826614608128, -5.607415924700632, 39.3958585540629, 5.813487115114043, -5.009435484575391, -5.401166644798465, 22.82103868004812, 4.102437303574391, -11.379546330140997, -5.401166644798479, 27.50068902416656, 4.8239536042544415, -13.070006831588174, -9.50360394837287, 30.448700246652876, 12.760811001223686, 6.947323886109643, 7.380233666517675]
[-16.57213922649271, -6.8356000281811475, -0.1607843828989246, -0.4307802520495727, 23.537048788788013, 20.874630639023593, -7.774897169747348, -10.707311188662445, 15.690480674531187, 15.831167009567736, -13.769034741691712, -10.397119223787058, 22.94548415383953, 14.860395019216824, -14.099324754429489, -12.608659073639558, 24.24654615692822, 14.469810862891961, 10.10702530677402, 11.037601201400221]
[-12.979600266514382, 0.16445453701254564, 6.425732518690268, 7.476908974666998, 11.407439099256521, 19.752655926058736, -10.657805029951078, -11.74555520669611, 17.339553594019435, 15.17326027394384, -16.845935570092138, -12.549922650709192, 27.30271234226231, 12.970393233099912, -16.882509290860455, -13.948422247540051, 27.933418215848405, 16.708847720433397, 7.58663013697192, 6.361792110568118]
[-18.28427539289244, -6.9267638335412585, -5.828215329453116, -5.3710711544603384, 34.34191248867944, 16.699041424882466, -7.634263161023057, -8.976154397072122, 18.80751456627152, 11.508724214260724, -13.160053180657059, -9.525428649116236, 26.287058862120972, 10.19637426714074, -13.28172454663752, -11.906785811395267, 26.95800448014549, 14.380273050725677, 10.837778596236198, 9.525428649116215]
[-19.91730792329909, -7.922879139721147, -5.893859040570817, -6.432120670723862, 42.44323971638872, 4.485784852548051, -7.494727583564327, -5.079304970653851, 25.921277037866105, 1.476842121531746, -12.035770924065162, -6.017885462032609, 31.842561871458685, 5.079304970653851, -14.50645202492845, -9.523747682714657, 31.64936061457857, 15.94195200597298, 4.044123850835064, 1.5734427499718038]
[-20.861589605013904, -10.52490276283649, -7.219053206880744, -8.035976389005157, 46.05552103526304, 3.97271364487915, -6.318698647674836, -4.992088191993332, 25.45589278919303, 0.2548436367785598, -9.984176383986664, -5.704226830540193, 30.59804007438737, 3.4630263713220586, -13.342418211731172, -8.860017293294902, 32.427220081460575, 13.747320941710697, 5.906678195529949, 4.9396959202045565]
[-23.71699169962956, -11.031003082388906, -7.3840187810513385, -7.857457154802233, 42.51130421189157, 6.757765078971502, -5.125967025990107, -5.2160172043662385, 22.73463483059831, 3.971704893312662, -9.868545856605422, -6.401661912020046, 27.89198443156478, 6.965150464147101, -12.388553053688923, -9.336439879454758, 28.18941999511651, 10.936855357459763, 6.3429943086203195, 6.194276526844462]
[-11.101854211398944, -2.081597664637286, 0.0, -3.469329441062172, 28.448501416709746, 14.571183652461087, -5.550927105699458, -8.326390658549201, 13.18345187603623, 11.10185421139893, -11.101854211398901, -9.714122434974087, 21.50984253458543, 11.795720099611344, -13.877317764248659, -11.795720099611344, 24.285306087435146, 15.265049540673516, 11.10185421139893, 9.02025654676163]
[-10.928764082705698, -2.0491432655073254, 0.6830477551691274, -4.098286531014651, 27.321910206764272, 15.02705061372032, -5.464382041352849, -8.879620817198372, 13.660955103382122, 11.611811837874825, -11.611811837874825, -9.5626685723675, 20.491432655073197, 12.294859593043924, -13.660955103382122, -12.294859593043924, 23.90667143091872, 15.710098368889462, 10.928764082705712, 9.562668572367485]
[-11.374640390625586, -2.6763859742648606, 0.6690964935662009, -2.6763859742648606, 26.76385974264852, 14.051026364890475, -5.352771948529721, -8.029157922794525, 13.381929871324246, 11.374640390625615, -10.705543897059414, -10.705543897059385, 21.4110877941188, 12.043736884191816, -13.38192987132426, -12.712833377758031, 24.08747376838366, 13.381929871324246, 11.374640390625615, 8.698254416360754]
[-11.202967785628658, -0.7001854866017823, 2.1005564598053468, -3.5009274330089397, 25.906863004266256, 15.404080705239437, -6.301669379416126, -9.102411325823311, 14.703895218637626, 11.202967785628658, -11.90315327223044, -10.502782299026876, 23.106121057859127, 11.903153272230426, -14.703895218637612, -14.003709732035816, 27.30723397746985, 15.404080705239409, 11.90315327223044, 9.80259681242508]
[-10.545519994756432, -0.7030346663170803, 1.406069332634189, -3.515173331585487, 27.4183519863667, 15.466762658976052, -6.327311996853837, -9.139450662122215, 14.763727992658971, 11.951589327390593, -13.357658660024782, -10.545519994756404, 23.200143988464106, 12.654623993707673, -14.060693326341863, -14.060693326341891, 26.012282653732484, 16.16979732529316, 11.951589327390607, 10.545519994756418]
[-10.99123628647763, -3.2327165548463483, 1.293086621938528, -3.2327165548463483, 25.861732438770872, 14.870496152293242, -5.172346487754169, -7.7585197316312815, 10.99123628647763, 11.637779597446894, -9.698149664539073, -9.698149664539073, 19.396299329078147, 12.284322908416158, -12.930866219385422, -11.637779597446894, 22.629015883924495, 14.223952841323978, 10.344692975508337, 9.698149664539073]
[-12.057126362235806, -2.679361413830179, 0.6698403534575448, -4.019042120745297, 28.133294845216938, 14.736487776066014, -6.028563181117903, -8.038084241490566, 13.396807069150924, 12.057126362235834, -12.057126362235834, -9.377764948405627, 20.765050957183917, 11.387286008778261, -12.72696671569335, -12.057126362235834, 23.44441237101411, 14.736487776066, 10.047605301863186, 9.377764948405641]
[-12.06212090712964, -1.340235656347744, 1.340235656347744, -3.350589140869346, 26.13459529878088, 14.742592219825127, -6.701178281738692, -8.041413938086436, 14.072474391651241, 10.72188525078191, -11.392003078955767, -10.051767422608037, 22.113888329737676, 12.06212090712964, -14.742592219825127, -12.732238735303497, 25.464477470607022, 14.742592219825099, 10.721885250781895, 10.051767422608037]
[-11.904850681109565, -1.3227611867899327, 1.9841417801849275, -3.968283560369855, 26.455223735799052, 13.227611867899498, -5.9524253405547825, -7.93656712073971, 13.888992461294492, 11.243470087714599, -11.904850681109593, -9.259328307529643, 22.48694017542917, 10.582089494319632, -14.550373054689487, -12.566231274504531, 26.455223735799038, 15.211753648084454, 9.920708900924637, 9.920708900924652]
[-12.324511634045535, 0.0, 2.7387803631212364, -3.4234754539015455, 26.703108540431998, 13.693901815606182, -7.5316459985834, -8.901036180144018, 17.802072360288037, 9.585731270924299, -13.693901815606154, -9.585731270924327, 25.33371835887141, 9.585731270924313, -15.747987087947067, -13.009206724825873, 29.44188890355325, 14.378596906386477, 10.955121452484917, 9.585731270924299]
[-18.598270063725863, 0.0, 7.695835888438296, 0.0, 29.50070423901343, 12.826393147397155, -15.391671776876578, -8.978475203178022, 26.935425609534036, 8.337155545808145, -21.163548693205286, -10.261114517917747, 34.63126149797233, 10.902434175287567, -23.08750766531486, -14.109032462136867, 37.196540127451726, 19.23958972109574, 10.261114517917719, 12.185073490027293]
[-18.594261305662485, -0.6411814243331833, 7.052995667665073, 0.6411814243331833, 30.13552694365984, 12.182447062330581, -15.388354183996498, -9.617721364997834, 27.57080124632708, 8.335358516331453, -20.51780557866202, -12.182447062330567, 35.90615976265852, 10.9000842136642, -23.082531275994768, -14.105991335330145, 37.18852261132491, 19.876624154328823, 10.258902789331017, 12.823628486663758]
[-19.036758579260635, 0.0, 7.220839461098876, 0.6564399510089629, 29.539797795404468, 13.128799020179741, -15.098118873206744, -9.846599265134785, 26.914037991368488, 9.190159314125836, -21.00607843228761, -11.815919118161787, 36.104197305494324, 11.159479167152796, -23.63183823632356, -14.44167892219771, 37.41707720751228, 20.349638481278618, 11.815919118161773, 12.472359069170764]
[-18.8680584055507, -1.3012454072793673, 7.156849740036478, 1.9518681109190652, 29.27802166378555, 11.711208665514249, -14.313699480072955, -9.759340554595212, 26.675530849226874, 10.409963258234882, -21.470549220109433, -11.711208665514249, 35.13362599654272, 11.71120866551422, -22.771794627388772, -14.964322183712625, 37.7361168111014, 20.169303812830066, 11.711208665514249, 12.361831369153904]
[-18.524693457589194, -1.2775650660406086, 7.665390396243794, 1.277565066040637, 27.467648919873596, 12.775650660406313, -14.05321572644695, -9.581737995304735, 26.19008385383296, 9.58173799530475, -21.079823589670426, -10.8593030613454, 33.85547425007678, 11.498085594365676, -22.357388655711077, -14.691998259467255, 37.688169448198664, 19.802258523629803, 10.859303061345372, 12.136868127386009]
[-17.56916404461211, -1.882410433351282, 7.529641733405185, 1.882410433351282, 25.726275922467693, 13.804343177909516, -13.804343177909516, -10.039522311206895, 25.098805778017265, 9.412052166756467, -19.451574477963362, -10.66699245565735, 33.25591765587288, 10.666992455657336, -21.333984911314673, -14.431813322359929, 35.7657982336746, 18.82410433351295, 11.921932744558205, 11.294462600107764]
[-17.577068449316243, -1.8832573338553118, 6.90527689080281, 1.8832573338553118, 26.993355118592802, 13.182801336987197, -13.810553781605634, -9.416286669276559, 25.110097784737505, 8.788534224658122, -19.46032578317157, -10.671791558513434, 33.2708795647772, 10.671791558513434, -20.715830672408444, -14.438306226224071, 35.154136898632515, 19.460325783171555, 11.29954400313187, 11.927296447750315]
[-17.510841805999064, -1.8761616220713222, 7.504646488285317, 1.8761616220713222, 26.266262708998596, 13.133131354499284, -13.758518561856391, -9.380808110356668, 25.01548829428438, 8.755420902999532, -18.76161622071328, -11.256969732427962, 33.14552198992679, 10.631582525070868, -20.63777784278463, -15.009292976570606, 35.647070819355235, 19.387003428070372, 11.256969732427976, 11.256969732427969]
[-18.09729626170531, -2.4961787947179914, 7.488536384153917, 1.8721340960385078, 26.209877344538683, 13.104938672269355, -13.728983370948868, -9.360670480192368, 24.961787947179715, 9.360670480192397, -19.345385659064277, -11.232804576230876, 33.074369030013116, 11.232804576230876, -21.84156445378224, -13.728983370948868, 35.57054782473111, 18.721340960384794, 10.608759877551378, 11.232804576230876]
[-18.187270635914757, -1.8814417899222349, 7.525767159688883, 1.8814417899222065, 26.340185058911032, 12.542945266148095, -13.170092529455516, -9.407208949611089, 24.458743268988826, 9.40720894961106, -18.81441789922215, -11.288650739533296, 32.61165769198507, 11.288650739533296, -21.323006952451777, -13.797239792762923, 35.1202467452147, 18.81441789922215, 11.288650739533296, 10.661503476225882]
