[3.348685177267569, 2.833502842303332, -3.8638675122318205, -6.182188019570916, -5.667005684606671, -5.151823349642427, -4.636641014678183, -4.63664101467819, 7.212552689499404, 3.606276344749702, 6.697370354535153, 1.5455470048927324, -16.485834718855777, 6.439779187053041, 6.182188019570916, 0.2575911674821256, -15.197878881445178, 5.6670056846066785, 5.409414517124553, 0.5151823349642441]
[7.4838516576200504, 10.074415692950055, 6.33248986414003, -2.5905640353300186, 9.210894347840053, 6.620330312510035, 3.741925828810011, 3.166244932070022, -17.846107798940096, -2.014883138590008, -7.196011209250038, -2.3027235869600133, 4.3176067255500215, -4.02976627718003, -4.893287622290018, -0.287840448369991, 0.8635213451100014, -3.7419258288100252, -2.014883138590008, 0.5756808967399962]
[4.157569672583733, 3.563631147928902, -4.454538934911142, -7.127262295857818, -6.236354508875593, -5.939385246548191, -4.75150819723855, -4.751508197238543, 6.533323771203001, 5.048477459565959, 7.424231558185241, 1.4848463116370283, -19.006032788954187, 7.721200820512642, 6.830293033530417, 0.2969692623274085, -17.81815573964456, 6.830293033530417, 5.642415984220776, 0.2969692623274085]
[8.149971594118114, 11.284576053394318, 7.209590256335268, -2.8211440133485794, 8.776892485973363, 7.5230507022628785, 4.3884462429866815, 3.4480649052038217, -19.434547647512446, -2.194223121493337, -8.14997159411812, -2.8211440133485723, 5.328827580769527, -4.701906688914292, -5.015367134841924, -0.6269208918552494, 1.8807626755657338, -3.7615253511314393, -2.507683567420969, 0.0]
[7.529145274365291, 7.999716854013116, -2.8234294778869753, -10.35257475225228, -13.176004230139242, -7.058573694717452, -2.8234294778869895, -2.8234294778869753, -3.7645726371826385, 14.117147389434905, 10.823146331900091, 1.8822863185913263, -35.7634400532351, 18.352291606265382, 8.47028843366094, 0.0, -31.998867416052462, 13.64657580978708, 8.940860013308779, 0.9411431592956632]
[11.574086816761934, 16.39662299041271, 5.304789791015878, -6.751550643111102, 22.665920016158765, 7.71605787784128, 2.4112680868254017, 2.4112680868253875, -18.807891077238125, -9.645072347301593, -10.60957958203177, -2.8935217041904764, 11.091833199396845, -13.503101286222247, -5.787043408380953, 0.0, 4.340282556285715, -9.162818729936518, -3.375775321555551, 0.48225361736507466]
[-3.0847918333909234, 0.25706598611590437, 5.655451694550038, 6.169583666781861, 4.113055777854576, 6.9407816251295955, 4.884253736202311, 4.884253736202304, -9.511441486288703, -3.341857819506842, -7.197847611245507, -3.341857819506849, 17.737553041997863, -5.398385708434127, -6.683715639013684, -1.7994619028113874, 15.938091139186483, -4.370121763970488, -5.91251768066595, -2.3135938750432032]
[-7.210994184374343, -8.412826548436726, 0.24036647281248236, 4.566962983437072, -11.537590694998933, -0.7210994184374329, 0.961465891249901, 0.0, 4.086230037812129, 7.210994184374336, 2.1632982553123057, -0.7210994184374329, -2.8843976737497314, 7.691727129999293, 0.961465891249901, -2.403664728124774, -0.24036647281247525, 6.009161820311945, 0.24036647281246815, -2.1632982553122986]
[9.306363955566596, 5.387894921643863, -3.918469033922804, -10.285981214047311, -13.714641618729743, -6.367512180124535, -3.4286604046824465, -3.4286604046824323, -1.9592345169613736, 10.285981214047297, 12.245215731008699, 1.959234516961402, -32.81717815910332, 14.694258877210444, 10.285981214047297, 1.4210854715202004e-14, -30.857943642141933, 12.735024360249042, 9.796172584806968, 0.0]
[14.891510536241185, 20.209907156327347, 10.104953578163645, -7.4457552681205925, 19.678067494318725, 10.104953578163645, 5.3183966200861335, 4.78655695807754, -26.591983100430696, -7.4457552681205925, -12.232312226198118, -3.7228776340602963, 9.573113916155052, -10.10495357816366, -8.509434592137822, -0.5318396620086361, 3.7228776340603105, -7.445755268120578, -4.78655695807754, 2.842170943040401e-14]
[14.158086390184224, 10.94033948332418, -2.574197525488046, -13.514537008812226, -17.375833297044267, -5.148395050976092, -3.217746906860043, -2.574197525488046, -9.009691339208132, 18.019382678416264, 10.296790101952183, 0.0, -40.54361102643665, 21.237129585276335, 8.366141957836135, -0.6435493813719972, -37.32586411957661, 17.375833297044267, 9.00969133920816, 0.0]
[15.530706559477267, 23.29605983921587, 18.119157652723473, -5.824014959803961, 17.472044879411925, 20.70760874596968, 14.883593786165704, 12.94225546623106, -53.71036018485887, -1.9413383199346725, -19.413383199346583, -7.118240506427071, 13.589368239542608, -7.118240506427071, -14.883593786165704, -3.8826766398693167, 8.412466053050196, -4.529789413180879, -9.059578826361758, -1.9413383199346583]
[11.546038290050745, 7.69735886003383, -4.398490777162181, -12.095849637196011, -13.195472331486599, -6.0479248185980055, -4.9483021243074745, -4.398490777162195, -1.6494340414358106, 13.745283678631836, 10.446415595760215, 1.0996226942905594, -35.737737564442824, 17.593963108648765, 8.79698155432439, -0.5498113471452797, -32.98868082871644, 14.844906372922395, 9.34679290146967, 0.5498113471452655]
[13.698476281290084, 21.689254112042704, 13.698476281290112, -5.707698450537549, 16.5523255065589, 15.981555661505126, 10.273857210967591, 10.273857210967591, -41.09542884387035, -3.424619070322535, -17.123095351612662, -5.136928605483774, 13.127706436236366, -9.132317520860084, -11.986166746128859, -1.7123095351612534, 7.420007985698803, -6.849238140645056, -6.84923814064507, -1.1415396901074928]
[11.255741629373802, 11.881060608783429, -1.2506379588193113, -11.881060608783429, -20.010207341108952, -4.3772328558675895, -2.5012759176386226, -1.2506379588193113, -12.506379588193084, 20.010207341108952, 10.630422649964146, 0.6253189794096556, -43.14700957926621, 25.012759176386197, 9.379784691144835, -2.5012759176386226, -38.76977672339862, 18.759569382289655, 11.255741629373787, 0.0]
[16.503587798560147, 22.85112156723713, 9.521300653015459, -7.617040522412367, 27.929148582178698, 13.964574291089349, 6.347533768676982, 3.8085202612061977, -30.468162089649496, -14.599327667957041, -14.599327667957056, -2.5390135074707985, 15.234081044824762, -17.77309455229556, -8.886547276147752, -2.842170943040401e-14, 8.88654727614778, -12.695067537353964, -6.3475337686769535, 0.6347533768677067]
[9.478063872266091, 10.66282185629936, -3.5542739520998055, -10.66282185629936, -17.771369760498914, -4.146652944116397, -3.554273952099777, -2.961894960083157, -8.885684880249471, 16.586611776465674, 11.8475798403326, 2.369515968066537, -42.65128742519741, 21.32564371259869, 8.885684880249471, -0.5923789920166485, -36.13511851301445, 16.586611776465645, 8.885684880249457, 0.5923789920166342]
[17.917915633443272, 21.36366863987473, 9.648108418007922, -8.269807215435378, 31.011777057882625, 11.026409620580509, 0.689150601286272, -1.3783012025725583, -18.607066234729572, -15.161313228298184, -13.093861424439353, -2.7566024051451166, 13.783012025725611, -19.296216836015873, -7.580656614149063, 0.0, 7.580656614149092, -14.472162627011897, -5.513204810290233, 2.0674518038588303]
[-20.22182722579023, -23.463879134862623, -0.6734768554963182, 16.575689203420055, -12.72811034664069, -1.847078740149982, 4.0982435935977435, 6.262732533876033, 15.180716034497621, 3.0499740773532977, -3.1167195406631976, -4.8197399070238305, 26.099199651748577, 1.876372192699634, -2.9340047116341452, -4.637025077994807, 25.59907462259124, -0.19207783171909654, -5.31986493618119, -3.3767472801716494]
[20.052496428246343, 22.144766873276254, -1.8747184395166983, -18.990821776766154, 13.39275183430189, 0.9373592197583633, -5.308373257400959, -4.966505820165878, -14.371176875679907, 0.06715119770552747, 0.3779397770100843, 1.092753509410656, -23.651532499472054, 0.9112738436724612, 5.530918744758765, 3.153945096510114, -27.804994531601437, 1.0666681333247823, 7.59211033185818, 5.090821251887746]
[9.697834103620437, 9.212942398439424, -6.7884838725343, -11.637400924344547, -15.51653456579271, -0.4848917051810133, -1.4210854715202004e-14, -0.9697834103620266, -15.516534565792725, 18.425884796878847, 11.15250921916352, 1.4546751155430684, -40.24601153002486, 24.244585259051107, 8.243158988077383, -2.4244585259051092, -33.94241936267156, 20.850343322783957, 7.758267282896355, -3.3942419362671643]
[15.21009480494439, 16.900105338827103, 5.633368446275696, -4.506694757020554, 30.42018960988878, 6.196705290903267, 2.253347378510277, 0.563336844627571, -16.336768494199525, -7.3233789801584095, -11.266736892551407, -3.380021067765412, 6.760042135530838, -16.336768494199532, -3.943357912392983, 3.380021067765412, -1.126673689255142, -14.646757960316819, -1.126673689255128, 4.506694757020554]
[11.087571120076007, 10.533192564072209, -4.435028448030408, -11.641949676079804, -23.28389935215958, 0.5543785560037975, 1.6631356680114067, -0.5543785560038117, -20.512006572140592, 23.283899352159594, 10.533192564072195, -0.5543785560037975, -43.241527368296374, 29.38206346820138, 8.31567834005699, -4.43502844803038, -37.1433632522546, 24.392656464167203, 7.761299784053193, -3.880649892026611]
[17.082067470110346, 20.132436661201453, 7.320886058618726, -5.490664543964044, 32.33391342556599, 6.100738382182264, 2.4402953528729014, 1.2201476764364472, -17.692141308328544, -9.761181411491634, -12.201476764364514, -4.27051686752759, 9.151107573273393, -18.912288984765, -4.880590705745817, 4.27051686752759, 0.0, -17.08206747011033, -2.4402953528729086, 6.710812220400484]
[12.624864991701429, 12.624864991701429, -7.214208566686551, -13.22604903892531, -21.642625700059597, 2.404736188895498, 1.2023680944477633, 1.2023680944477633, -25.850914030626754, 25.249729983402872, 13.22604903892531, 1.2023680944477633, -50.499459966805745, 32.46393855008941, 9.01776070835814, -3.0059202361193798, -43.28525140011921, 27.053282125074517, 7.815392613910404, -3.6071042833432614]
[19.228486154929826, 21.15133477042282, 4.486646769483627, -8.973293538967255, 38.45697230985966, 5.127596307981285, 3.2047476924883114, 2.5637981539906463, -18.587536616432182, -12.178041231455559, -14.100889846948533, -4.486646769483627, 12.178041231455552, -19.86943569342749, -5.768545846478958, 2.5637981539906463, 1.9228486154929811, -16.66468800093918, -3.2047476924883114, 3.204747692488297]
[10.523350589251294, 9.020014790786803, -5.011119328214875, -11.525574454894297, -17.538917648752147, -1.002223865642975, 1.5033357984644766, -1.4210854715202004e-14, -18.54114151439512, 19.54336538003811, 11.024462522072781, 1.5033357984644766, -41.091178491362186, 26.057820506717476, 9.020014790786831, -2.0044477312859783, -37.08228302879024, 21.547813111324075, 8.017790925143828, -1.5033357984644624]
[16.805838228690718, 18.60646375319328, 4.201459557172669, -8.402919114345352, 36.01251049005151, 5.401876573507735, 2.4008340326700974, 0.6002085081675261, -16.205629720523184, -9.003127622512878, -10.803753147015456, -3.6012510490051426, 7.202502098010285, -19.206672261360794, -4.201459557172669, 3.0010425408376022, 0.6002085081675403, -16.20562972052319, -1.8006255245025642, 5.401876573507721]
[10.352196092917211, 9.366272655496545, -5.915540624524141, -11.338119530337906, -17.25366015486202, -0.49296171871036165, 1.4210854715202004e-14, -0.9859234374206949, -16.267736717441352, 17.74662187357238, 12.3240429677586, 1.9718468748413756, -40.91582265295855, 24.6480859355172, 8.873310936786197, -2.464808593551737, -35.00028202843441, 21.197353904544798, 8.38034921807585, -2.464808593551737]
[14.781434116783572, 15.837250839410942, 1.5837250839411041, -6.862808697078094, 31.14659331750822, 5.806991974450682, 1.055816722627398, 1.055816722627398, -13.72561739415616, -9.502350503646582, -9.502350503646568, -2.111633445254796, 6.334900335764388, -16.365159200724662, -3.16745016788218, 4.223266890509592, -1.055816722627398, -14.781434116783558, -1.055816722627398, 5.27908361313699]
[10.006539841806855, 9.053536047349056, -6.67102656120457, -11.436045533493541, -14.771558814095826, 0.0, -0.9530037944577998, -2.8590113833733852, -13.818555019638026, 17.63057019746921, 11.436045533493555, 1.4295056916866855, -39.07315557276961, 23.82509486144488, 8.577034150120156, -2.3825094861444853, -34.30813660048064, 20.489581580842597, 7.62403035566237, -1.9060075889155996]
[15.835991623203526, 16.96713388200378, 5.090140164601138, -7.91799581160177, 32.23755437580721, 5.655711294001264, 0.5655711294001193, 0.5655711294001264, -14.70484936440328, -11.311422588002529, -8.483566941001897, -1.1311422588002529, 4.524569035201026, -16.40156275260368, -2.2622845176004915, 3.958997905800885, -3.3934267764007586, -14.139278235003147, -1.1311422588002529, 5.090140164601138]
[11.7577443720171, 10.637959193729756, -3.3593555348620328, -11.197851782873414, -20.716025798315854, -6.158818480580379, 5.598925891436721, 6.718711069724037, -26.314951689752547, 20.156133209172168, 13.437422139448117, 2.7994629457183606, -47.0309774880684, 29.114414635470908, 9.518174015442426, -2.2395703565746885, -39.75237382920068, 24.075381333177887, 7.278603658867723, -4.479140713149377]
[16.95674710687298, 18.261112268940153, 0.0, -9.130556134470083, 41.739685186148904, 6.521825810335763, 0.6521825810335784, -0.6521825810335855, -14.348016782738668, -14.348016782738682, -9.130556134470083, -1.956547743100728, 5.8696432293021985, -22.82639033617518, -3.913095486201456, 5.217460648268599, 0.0, -18.91329484997371, -1.3043651620671426, 5.86964322930217]
[13.407390379444521, 9.117025458022283, -2.68147807588889, -9.117025458022283, -21.98812022228904, -3.7540693062444603, 8.580729842844505, 8.044434227666713, -31.641441295489102, 20.915528991933485, 12.87109476426673, 1.6088868455333625, -43.97624044457808, 31.105145680311324, 8.580729842844505, -2.1451824607111263, -40.758466753511385, 25.7421895285335, 7.508138612488949, -3.7540693062444745]
[17.90093693251265, 18.58102313325952, 2.792247356094748, -10.848415989168558, 44.247530432644396, 7.732607144090991, -2.738320441264264, -6.944667113683181, -7.555838815095186, -22.982113772951067, -8.322815153453732, 1.4320749546010205, 7.78354600514902, -27.832595369563222, 0.12582946793776273, 6.3364834660436316, -2.0252710177361735, -20.117963863749054, 1.5219531459851225, 8.448644621391509]
[11.2149065797895, 12.395423061872634, -5.902582410415533, -13.57593954395574, -19.47852195437126, -0.5902582410415533, 0.5902582410415391, -0.5902582410415391, -20.65903843645438, 21.249296677495934, 11.805164820831067, 2.3610329641662275, -46.63040104228274, 28.332395569994574, 8.853873615623314, -2.3610329641662275, -40.13756039082564, 25.381104364786808, 8.263615374581747, -4.131807687290873]
[17.72798100942134, 19.500779110363467, 4.727461602512349, -7.091192403768531, 33.0922312175865, 7.091192403768531, 1.7727981009421327, 0.0, -15.955182908479202, -5.318394302826398, -12.40958670659495, -5.909327003140433, 8.273057804396629, -17.1370483091073, -5.318394302826405, 2.363730801256196, 1.1818654006280838, -15.36425020816516, -2.9546635015702236, 4.136528902198307]
[10.946284586068458, 10.94628458606843, -7.662399210247884, -14.777484191192414, -14.777484191192414, -1.6419426879102446, -0.5473142293034385, -0.5473142293034243, -16.41942687910266, 19.15599802561978, 10.946284586068444, 0.0, -40.501252968453244, 24.629140318653995, 8.209713439551336, -2.7365711465171216, -35.57542490472244, 21.345254942833463, 8.209713439551336, -3.2838853758205317]
[19.1402880573834, 23.606355270772895, 7.018105621040576, -9.5701440286917, 37.00455691094126, 8.93213442677893, 2.552038407651125, 0.0, -19.140288057383415, -8.932134426778916, -14.03621124208118, -4.466067213389465, 9.570144028691715, -19.7782976592962, -7.01810562104059, 3.1900480095639097, 3.1900480095638954, -17.22625925164506, -5.10407681530225, 4.466067213389465]
